980	937	1078	1064	1134	1080	1028	1098	1074	1003	1106
1212	1123	1172	1097	1220	1092	1028	1120	1123	1013	1139
1216	1137	1231	1097	1243	1121	1101	1123	1185	1124	1151
1219	1148	1252	1133	1245	1144	1166	1179	1206	1124	1182
1225	1191	1268	1161	1246	1158	1198	1213	1254	1165	1188
1232	1211	1270	1163	1271	1209	1203	1233	1269	1169	1213
1240	1218	1291	1185	1277	1255	1216	1243	1277	1197	1228
1241	1219	1309	1207	1278	1266	1233	1250	1283	1215	1272
1247	1222	1317	1211	1314	1291	1243	1276	1297	1217	1280
1256	1225	1322	1216	1334	1292	1252	1281	1306	1293	1294
1266	1238	1330	1221	1375	1312	1273	1301	1324	1307	1304
1276	1276	1341	1231	1396	1318	1315	1305	1335	1324	1314
1292	1286	1348	1304	1398	1329	1327	1318	1337	1360	1320
1297	1303	1375	1321	1399	1342	1343	1358	1364	1363	1337
1327	1345	1396	1325	1410	1373	1350	1370	1369	1405	1368
1365	1365	1401	1339	1443	1384	1353	1386	1389	1418	1396
1375	1372	1410	1354	1447	1424	1368	1426	1408	1418	1407
1382	1432	1416	1403	1454	1430	1371	1428	1438	1420	1453
1384	1441	1461	1429	1482	1472	1397	1435	1488	1442	1464
1397	1452	1463	1446	1509	1482	1436	1471	1526	1446	1470
1423	1472	1463	1485	1522	1493	1448	1475	1611	1461	1477
1497	1598	1471	1497	1532	1519	1459	1495	1612	1478	1537
1503	1640	1613	1602	1554	1520	1465	1504	1626	1605	1543
1526	1643	1650	1645	1560	1533	1497	1558	1666	1615	1548
1723	1658	1724	1676	1578	1561	1726	1596	1678	1786	1775
18.16	17.6	18.6	17.68	20	18.16	17.52	19.08	18.96	17.88	18.32
18	17.88	18.36	18.4	18.48	18.52	17.68	18.56	19.24	17.96	18.6
18.04	17.88	17.52	17.92	19.52	19.12	19.28	17.92	18.76	18.32	17.92
18.8	17.36	18.68	18.48	19.32	17.28	18.76	19.48	18.76	17.88	19.12
18.2	18.48	18.96	17.16	19.08	19.04	18.84	18.2	18.84	17.84	18.32
19.28	17.68	18.36	18.44	18.12	19.28	17.6	18.56	18.96	18.24	18.44
18.72	17.12	17.48	17.68	19.44	18.68	18.84	19.44	19.56	18.4	18.72
18.16	18.56	19.4	18.8	18.96	18.64	18.6	18.28	18.52	19	18.2
18.92	17.92	18.4	18.44	19.36	18.32	18.04	18.2	18.8	19.04	18.68
18.12	18.72	18.36	18	18.8	17.32	17.96	19.36	18.8	19.28	18.96
19.16	18.44	17.2	20.08	18.56	17.64	19.12	18.88	19.16	18.6	19.52
18.64	18.56	19.28	18.04	18.88	18.88	18.92	18.36	19.56	19.04	18.84
18.44	18.88	19	19.36	19.8	18.84	18.56	17.8	19.4	19.88	18.76
19.32	18.92	18.36	19.08	18.88	19.4	19.16	19.76	19.4	18.04	18.72
18.2	18.72	16.92	18.48	18.8	17.68	17.88	20.16	19.12	18.72	18.88
19.28	18.32	19.64	18.28	19.48	19.12	18.4	18.8	19.96	19.2	19.12
19	18.52	20.24	19.56	19	18.8	19.16	19.28	18.48	18.84	18.8
18.28	19.04	18.4	18.4	18.68	20.12	18.6	19.12	19.28	18.6	19.64
19.4	19.44	18.64	18.88	18.88	17.72	18.64	19.2	18.52	18.88	20.72
19.72	18.84	19.32	18.72	19.8	18.88	19.2	19.04	19.8	19	19.6
19.44	18.36	19.04	19.12	19	19.52	18.64	18.92	19.4	18.96	19
20	19.16	19.04	20.48	19.64	18.84	19.84	19.16	19.52	18.6	19.16
19.52	18.84	19.24	19.2	18.92	19.08	19.44	18.36	18.6	19.8	19.56
18.12	18.24	19.08	19.2	19.88	19.2	19.16	19.48	20.16	19.44	19.4
18.36	19.24	19.36	19.16	19	20.52	18.96	18.48	18.48	19.52	19.12
0	previous	instance:	data/A-n33-k5.vrp							
1576	1442	1578	1561	1625	1460	1498	1465	1453	1528	1599
1603	1688	1635	1588	1666	1690	1641	1513	1603	1670	1646
1616	1721	1666	1631	1710	1703	1719	1627	1620	1709	1654
1663	1786	1822	1783	1744	1752	1813	1662	1747	1788	1711
1690	1843	1824	1831	1748	1780	1847	1732	1780	1801	1747
1702	1850	1828	1842	1798	1783	1852	1739	1794	1803	1756
1718	1853	1829	1851	1909	1811	1864	1757	1815	1817	1813
1791	1947	1869	1874	1911	1824	1888	1774	1823	1824	1820
1836	1952	1884	1887	1922	1881	1891	1798	1850	1832	1825
1856	1967	1906	1889	1927	1888	1892	1808	1934	1837	1954
1874	1993	1921	1909	1941	1902	1923	1834	1958	1843	1976
1881	1993	1927	1980	1944	1909	1929	1850	1961	1870	1987
1927	1993	1929	1981	1946	1910	1937	1850	1972	1876	2019
1929	1996	1967	1991	1957	1948	1955	1857	1976	1923	2058
1990	2019	1992	2012	1967	1954	2029	1880	1986	1983	2065
2011	2021	2015	2020	1967	1962	2058	1883	2021	2012	2082
2053	2024	2018	2022	1972	1972	2099	1887	2027	2080	2121
2062	2061	2021	2023	2026	1999	2103	1904	2060	2121	2131
2081	2078	2023	2069	2125	2034	2119	1914	2111	2125	2141
2087	2087	2032	2082	2132	2060	2146	2015	2142	2161	2151
2136	2115	2037	2185	2154	2086	2154	2034	2159	2165	2160
2154	2121	2061	2186	2161	2114	2185	2082	2169	2236	2185
2159	2122	2080	2219	2218	2146	2198	2121	2210	2304	2222
2260	2163	2173	2227	2279	2242	2285	2127	2285	2306	2318
2318	2166	2208	2299	2370	2348	2343	2335	2401	2534	2410
27.84	27.12	28	28.08	29.08	27.56	27.24	28.28	26.96	28.16	28.6
27.44	28.4	27.36	28.04	28.6	28.4	27.32	27.32	28.24	28.56	28.48
28.16	28.56	28.52	29.68	27.96	27.52	29.28	27.84	27.04	28.32	28.6
28.28	29.12	27.88	28.56	29.08	28.08	29.16	28.76	29.04	29.68	29.12
28.6	29	28.24	28.56	29.08	28.4	28.4	29	27.24	29.16	27.96
27.52	29.2	27.56	28.72	27.72	29.16	28.92	28.32	28.44	29.64	28.16
28.2	27.88	28.04	27.88	29.12	27.28	29.48	26.92	28.52	29.12	28.2
28.44	28.88	26.6	27.6	29.4	27.28	28.28	27.24	29.32	27.36	28.56
28.72	29.04	28.84	27.32	28.68	30.04	27.96	27.16	28.32	28.64	28.48
27.56	28.8	27.92	28.64	28.16	27.76	27.16	28.28	29.4	29.08	28.84
28.72	29.56	28.44	29.16	28.4	28.56	29.36	29.16	28.28	29.04	29.52
27.72	28.52	27.56	29.08	28.56	28.64	27.92	27.2	28.32	27.48	27.76
27.24	28.8	27.88	29.28	29.08	27.56	29.2	29.36	27.44	28.48	29.24
28.92	29.88	29.88	28.64	29.16	28.64	29.64	28.56	28.36	28.52	29.64
28.16	29.44	28.24	28.52	30.64	27.8	28.96	28.4	29.04	28.72	28.84
28.96	28.8	28.32	29.2	28.64	29.68	28.6	28.48	28.16	29.4	29.64
28.72	28.76	27.76	29.04	29.92	29.32	28.2	29.52	29.92	29.28	29.52
27.88	29.48	27.92	28.64	29.08	28.44	29.48	28.92	30.16	29.2	29.08
29.92	28.84	28.52	28.92	28.24	29	28.48	28.8	28.92	29.36	29.36
28.36	29.04	28.28	29.56	29.4	28.16	28.44	28.68	30	29.08	29
28.72	29.44	28.04	29.24	29.32	29.04	29.68	28.52	30.16	29.84	28.6
28.96	29.68	28.4	29.08	29.12	28.56	30.32	29.48	29.4	30.32	28.24
28.6	29.64	29.28	29.8	28.96	28.92	30.12	28.76	28.92	30.24	28.84
29.28	29.4	29.24	28.92	29.72	28.92	28.76	28.72	29.4	28.96	28.92
29.4	29.56	28.92	29.08	29.4	28.36	29.36	29.36	29.08	29.64	30.12
1	previous	instance:	data/A-n46-k7.vrp							
2153	2378	2343	2273	2437	2423	2476	2402	2344	2395	2273
2253	2445	2360	2295	2450	2455	2483	2410	2366	2492	2292
2280	2468	2371	2358	2520	2479	2497	2418	2452	2505	2366
2353	2514	2404	2400	2533	2557	2510	2422	2535	2517	2408
2370	2532	2415	2459	2539	2571	2562	2426	2580	2521	2523
2516	2548	2430	2463	2541	2574	2571	2443	2615	2527	2569
2520	2556	2430	2491	2574	2622	2583	2451	2628	2589	2572
2523	2577	2507	2493	2609	2643	2587	2491	2632	2600	2580
2528	2587	2552	2535	2622	2658	2590	2504	2675	2617	2627
2572	2601	2619	2541	2628	2661	2594	2519	2680	2732	2638
2655	2648	2628	2553	2636	2672	2646	2559	2700	2738	2649
2663	2686	2649	2555	2644	2683	2658	2632	2710	2750	2662
2663	2686	2702	2572	2654	2716	2684	2654	2713	2781	2687
2761	2699	2752	2619	2655	2723	2751	2667	2722	2846	2689
2766	2702	2757	2682	2677	2766	2760	2681	2726	2857	2750
2784	2712	2785	2691	2767	2775	2791	2728	2735	2857	2770
2814	2747	2790	2716	2792	2814	2795	2733	2823	2870	2819
2819	2750	2808	2732	2806	2825	2808	2790	2857	2872	2831
2820	2789	2818	2750	2817	2836	2814	2890	2870	2877	2834
2862	2846	2822	2795	2829	2880	2895	2892	2882	2916	2847
2966	2851	2865	2868	2829	2899	2969	2931	2978	2949	2861
2971	2900	2899	2902	2925	2921	2969	2932	2985	3010	2980
2972	2952	3108	2937	2933	2984	3093	2961	3080	3016	2988
3138	3022	3153	3040	2957	3090	3139	2973	3131	3068	3026
3190	3161	3259	3189	3108	3109	3242	3012	3162	3080	3027
37.68	39.32	37.76	38.16	38.88	38.52	38.72	38.04	39.2	39.16	38.2
38.8	38.24	38.36	38.48	39.96	38.28	37.72	40.2	39.8	39.96	38.8
38.4	38.8	39.28	38.76	38.44	40.12	38.64	39.04	39.08	38.84	39.04
37.76	38.4	38.08	37	38.24	38.64	38.88	38.36	37.68	39.4	38.76
37.68	39.36	39.72	38.72	38.52	38.84	39.32	37.28	37.92	39.12	39.48
37.8	39.84	40.04	37.88	38.08	38.96	38.48	37.12	38.04	38.68	39.4
38.44	38	39.6	38.24	39.4	38.88	39.32	37.92	38.84	39	39.08
38.76	39.8	37.4	38.84	38.04	38.48	39	37.84	38.68	38.96	39.48
38.84	37.36	38.64	38	39.56	38.84	40.12	38.56	39	39.32	39.12
38.72	38.32	38.4	38.48	39.4	38.16	38.76	38.36	39.96	38.36	38.8
40	39.08	39.16	38.84	39.28	39.48	38.4	37.64	38.68	38.24	38.4
39.04	38.2	40.2	38.76	38.48	39.28	38.4	38.12	38.68	38.88	38.96
38.72	39.6	39	38.88	38.64	39.24	38.32	39.16	39.04	38.88	39.2
39.8	37.6	39.32	39	38.04	38.88	40.72	37.84	37.92	39.32	38.8
37.92	40.24	38.12	39.84	38.84	38.68	39.36	37.96	38.6	39.16	38.96
39.24	39.48	39.44	39.88	39.2	38.48	39.72	37.52	39.16	40.28	39.6
39.64	40.32	39.8	40.8	38.92	38.64	39.32	38.52	39	39.6	39.76
38.92	38.8	39.44	38.44	38.8	39.36	39.8	40.52	39.92	38.96	39.2
38.64	36.96	39.4	39.4	38.52	39.72	40.56	38.92	40.88	38.96	40.48
39.64	40.04	39.84	39.4	37.28	39.2	40	38.56	39.88	39.44	40.2
40.28	38.44	40.16	40.36	38.92	39.68	39.84	39.44	40.68	39.6	39.68
39.08	39.16	38.68	39.24	40.24	39.4	40.32	38.76	39.32	39.68	40.36
39.44	38.52	39.28	37.68	39.48	39.32	39.72	38.72	38.52	38.2	39.92
38.96	39.36	40.72	39.4	40	39.92	40.12	39.64	41.28	40.32	39.56
38.88	39.44	40.32	39.72	40.56	39.68	40.64	38.64	39.76	38.56	39.84
2	previous	instance:	data/A-n60-k9.vrp							
1453	1369	1293	1427	1396	1272	1317	1497	1405	1399	1440
1575	1536	1618	1542	1472	1375	1628	1547	1440	1563	1441
1615	1564	1633	1573	1570	1575	1631	1652	1518	1578	1530
1650	1575	1645	1580	1586	1622	1652	1668	1521	1586	1538
1667	1610	1667	1630	1669	1665	1665	1690	1641	1595	1642
1684	1681	1674	1638	1693	1712	1796	1696	1655	1627	1675
1686	1684	1714	1644	1694	1717	1806	1740	1725	1648	1688
1704	1734	1734	1687	1730	1719	1886	1778	1737	1657	1698
1710	1735	1746	1692	1737	1745	1904	1786	1738	1708	1717
1720	1746	1775	1698	1741	1887	1918	1789	1788	1788	1771
1725	1753	1802	1702	1782	1895	1918	1803	1794	1809	1774
1726	1782	1810	1713	1788	1987	1921	1812	1796	1824	1782
1731	1792	1813	1735	1794	2006	1952	1821	1797	1913	1804
1796	1810	1873	1755	1841	2019	1962	1829	1826	1916	1814
1811	1813	1894	1758	1880	2035	2004	1875	1908	1928	1830
1814	1841	1898	1825	1895	2046	2032	1889	1915	1933	1860
1893	1850	1979	1837	1898	2096	2044	1909	1964	1961	1893
1917	1882	2011	1851	1907	2134	2066	1927	1967	1981	1894
1922	1932	2050	1853	1912	2153	2098	1931	1985	2000	1936
1923	1984	2086	1872	2006	2167	2112	2007	2028	2001	2030
1931	2020	2110	1903	2019	2193	2115	2072	2074	2004	2109
1982	2033	2133	1976	2172	2210	2156	2132	2111	2155	2112
1993	2040	2158	2022	2200	2229	2186	2144	2149	2169	2122
1994	2069	2212	2032	2356	2283	2247	2151	2195	2228	2133
2094	2091	2383	2101	2479	2356	2397	2209	2209	2302	2311
19.56	18.96	19.36	19.44	19.24	20.64	20.48	19	20.8	18.28	19.84
19.76	19.96	20.24	19.44	20.12	18.8	20.6	18.8	18.6	19.52	20.24
18.72	19.92	19.76	19.68	19.4	19.4	20.12	19.8	20.48	19.28	20.2
20.04	19.48	19.16	18.72	19.56	20.04	20.16	19.16	19.28	20.08	20.36
19.8	21.08	20.4	19.64	18.8	20.6	20.28	20.8	18.92	20.68	18.84
20.56	21.08	19.08	18.84	20.72	20.24	19.72	19.72	19.64	20.88	19.44
19.76	20.36	19.56	20.32	19.68	20.4	20.96	20.12	20.4	20.08	19.72
19.44	20.88	19.36	19.96	19.56	20.36	20	18.96	19.84	19.48	18.52
20.4	20.92	20.32	19.72	21.4	20.84	21.08	19.92	20.32	20.24	20.24
18.96	20.8	20.44	19.96	20.6	20.04	19.96	19.84	20.12	20.24	20.48
19.84	20.16	19.76	19.76	19.92	20.4	20.72	19.28	19.88	20.64	19.72
19.64	20.28	19.88	19.56	20.28	20.16	19.72	19.64	20.36	20.56	19.8
18.96	20.08	20.32	19.48	20.88	19.8	20.44	20.28	20.24	22.04	20.28
20.08	20.36	20.68	19.76	20.28	19.8	20.32	18.96	20.2	20.4	20
20.4	20.16	20.44	19.24	20.32	21.04	20.24	20.68	20.04	20.68	19.88
20.12	19.96	19.6	19.84	20.64	20.76	20.72	19.32	20.88	19.72	19.76
19.56	20.08	20.92	19.8	20.12	19.8	19.84	20.8	20.36	20.36	21.28
18.68	20.72	20.6	20.48	20.76	21.04	21.44	20.36	20.04	20.2	20.68
20.2	21.24	19.88	19.68	19.48	20.24	21.16	19.4	19.76	20.44	19.76
21.32	20.96	20.64	20.6	19.16	21.08	21.12	20.6	19.92	20.32	21.16
19.24	20.44	21.68	20.64	20.68	21.24	21.04	20.08	19.92	20.68	20.84
19.8	20.92	21.4	20.12	21.04	20.88	21.72	20.84	20.92	20.32	21.28
20.56	20.68	19.52	20.36	20.48	20.96	20.92	19.6	21.2	20.84	21.6
21.04	20.88	21.4	20.92	21.16	20.84	21.4	21.04	21.08	21.32	20.32
19.64	19.96	21.32	19.72	19.96	20.84	20.32	22	20.48	21.16	20.32
3	previous	instance:	data/B-n35-k5.vrp							
1414	1415	1345	1476	1354	1360	1207	1197	1373	1135	1113
1490	1533	1465	1502	1498	1519	1299	1501	1390	1382	1334
1508	1568	1489	1516	1507	1533	1371	1521	1465	1536	1359
1518	1586	1511	1520	1528	1536	1373	1523	1490	1545	1457
1523	1629	1567	1594	1556	1539	1433	1562	1594	1558	1560
1538	1629	1570	1615	1572	1540	1450	1567	1646	1611	1571
1561	1650	1576	1630	1609	1552	1476	1609	1669	1634	1595
1606	1650	1577	1664	1618	1561	1509	1655	1677	1647	1630
1649	1671	1604	1691	1622	1580	1522	1657	1715	1654	1684
1684	1672	1612	1718	1658	1607	1535	1709	1729	1667	1685
1696	1685	1668	1733	1662	1610	1577	1722	1761	1682	1702
1730	1686	1709	1755	1683	1637	1586	1734	1789	1684	1707
1730	1708	1745	1775	1695	1663	1590	1735	1794	1688	1711
1731	1748	1758	1795	1721	1713	1636	1736	1803	1709	1721
1803	1766	1761	1796	1730	1755	1639	1756	1803	1724	1723
1812	1779	1761	1825	1762	1756	1674	1797	1806	1736	1831
1820	1854	1799	1830	1784	1772	1696	1870	1808	1763	1834
1824	1854	1865	1869	1790	1800	1709	1877	1830	1775	1876
1841	1856	1900	1905	1811	1823	1734	1886	1834	1789	1890
1857	1905	1901	1907	1828	1863	1747	1898	1864	1789	1910
1870	1926	1937	1916	1886	1907	1863	1967	1875	1876	1927
1900	1946	1941	1943	1903	1912	1939	2011	1923	1888	1963
1923	1955	2025	2098	2021	1930	1991	2077	1974	1904	1977
1935	2059	2098	2154	2036	1933	1995	2105	1981	1906	1996
2042	2280	2127	2211	2143	2034	2098	2241	2036	2091	2170
27.16	25.8	26.2	27.56	26.32	27.6	23.96	26.28	24.92	25.92	25.68
26.96	25.48	26.52	27.56	27.56	27.84	26.72	26.8	26.28	25.96	26.88
26.16	25.8	26.56	26.24	27.36	27.6	26.04	27.12	25.68	27.48	26.32
27.08	27.92	27.4	26.32	25.12	26.16	26.12	26.76	25.84	26.24	26.88
26.6	26.92	27.12	27.76	26.72	25.68	27.16	27.68	27.6	27.68	28.16
28.16	27.16	26.84	27.56	26.6	27.08	27.56	27.48	26.08	26.28	26.92
26.4	27.56	26.56	28.4	27.2	27.08	25.08	26.64	25.52	27.12	27.04
26	26.16	25.76	27.8	26.04	26.6	25.16	27.96	26.72	27.16	26.84
27.12	27.2	27.24	27.76	27.8	27.4	27.92	27.48	27	27.64	27.08
27.2	27.32	27.88	27.32	27.32	27.72	25.88	27.04	26.8	27.2	27.12
26.92	26.92	27.32	27.28	26.6	26.48	25.52	27.16	27.92	27.76	27.12
27.96	26.8	28.12	27.88	27.36	26.76	26.92	27.24	27.56	26.76	26.52
26.56	26.92	26.76	27.6	26.76	26.52	26.68	27.8	26.92	26.48	28.2
26.28	26.72	25.96	27.56	26.72	27	27.08	27.68	28.04	28	28
26.96	27.6	27.8	27.28	27.12	27.4	26.4	27.36	26.76	27.64	27.68
27.64	26.84	27.72	27.84	25.72	28.24	27.4	27.52	26.72	27.4	27.88
27.44	27.12	27.48	27.52	27.92	27.12	25.92	27.8	26.84	28.08	27.72
25.56	27.24	27.32	27.52	27.4	27.32	26.04	27.48	27.48	26.28	28.28
27.36	27.08	27.4	28.72	26.68	26.24	27.32	27.4	27.36	28.56	27.6
27.24	27.44	27.6	27.44	27.68	27.4	27.64	27.8	26.88	26.56	29.04
26.48	27.68	27.44	27.84	27.4	28.04	26.64	27.6	27.32	27.68	27.08
27.68	27.48	28	27.92	27.28	27.6	26.68	27.32	27	27.48	28.72
27.32	27.12	27.88	27.6	27.28	27.76	28.2	28.4	27.4	27.88	27.28
28.6	27.48	27.44	27.76	27.8	27.04	27.84	28.36	27.16	26.48	26.88
28.32	28.2	27.92	28.4	28.2	27.76	27.16	27.32	26.84	28.08	27.48
4	previous	instance:	data/B-n45-k5.vrp							
2432	2313	2291	2419	2299	2250	2249	2252	2246	2110	2239
2489	2400	2320	2460	2567	2341	2483	2313	2387	2180	2371
2495	2610	2434	2484	2589	2405	2500	2317	2399	2405	2395
2543	2652	2562	2495	2597	2407	2568	2360	2428	2442	2408
2551	2676	2563	2515	2639	2442	2603	2381	2499	2492	2498
2574	2699	2605	2556	2640	2464	2607	2433	2573	2570	2568
2576	2708	2655	2605	2718	2474	2647	2435	2720	2575	2572
2581	2722	2682	2626	2752	2520	2680	2502	2729	2608	2592
2613	2727	2687	2649	2774	2532	2703	2572	2751	2643	2593
2631	2728	2705	2666	2785	2558	2737	2582	2758	2669	2620
2688	2778	2774	2695	2794	2564	2738	2678	2787	2701	2638
2698	2788	2787	2714	2820	2565	2748	2733	2798	2702	2713
2708	2804	2819	2717	2821	2608	2758	2739	2805	2736	2774
2765	2856	2875	2752	2834	2651	2820	2782	2844	2745	2799
2786	2863	2896	2774	2887	2667	2831	2817	2845	2772	2873
2840	2937	2950	2785	2918	2678	2870	2822	2855	2818	2894
2903	3004	2959	2800	2934	2792	2899	2907	2858	2920	2906
2914	3010	2976	2822	2951	2831	2943	2952	2859	2958	2908
2924	3046	2987	2886	2997	2832	3012	2954	2936	2975	2951
2972	3049	2991	2919	3032	2844	3033	2977	3013	2988	2994
3002	3062	2996	2985	3041	2876	3043	3071	3034	2994	2997
3003	3093	3031	2999	3095	2912	3092	3072	3036	3007	3033
3053	3103	3106	3086	3189	2914	3130	3093	3061	3046	3078
3143	3165	3258	3129	3288	2962	3158	3194	3079	3172	3106
3468	3209	3371	3155	3538	3336	3179	3227	3195	3210	3174
44.56	44.56	43.52	44.56	45.24	44.68	43.92	43.32	43.64	45.28	42.68
45.96	43.28	44.16	44.6	43.92	42.64	45.56	43.56	43.8	44.2	44.76
44.36	44.36	44.56	43.28	44.44	43.72	44	43.08	45.52	43.32	43.88
44.52	45.08	44.6	43.96	43.52	44.6	44.36	44.24	44.6	42.68	45.28
44.52	44.96	44.36	45.04	44	43.44	44.36	45.8	45.04	44.56	43.96
43.88	44.56	44.2	45.12	44	44.72	44.56	45.36	45.68	46.4	44.76
45.4	44.48	46.12	43.92	46.6	44.48	44.44	42.6	44.12	45.44	46.12
43.92	45.72	44.56	45.84	45.56	45.68	45.28	44.12	45.48	43.64	44.28
43.6	44.4	44.48	44.56	45.68	43.28	45.28	45	45.64	44	45.4
45.88	44.32	46.08	45.64	44.96	43.12	46	43.12	44.24	42.56	45.08
44.2	45.12	45.12	44.88	46.16	43.76	44.24	44.36	43.52	44.36	43.84
45	46.6	45.88	44.24	45.4	43.76	44.6	43.76	44.88	44.04	42.96
44.04	44.48	45.48	44.6	44.44	43.68	45.4	43.44	44.96	44.6	45.6
45.08	46.2	45.2	45.08	45.08	44.4	46	44.52	44.92	45.2	44.84
44.64	44.6	46.08	45	46.48	45.04	46.56	44.96	45.72	45.04	44.96
44.32	45.8	45.4	44.12	45.84	45.6	46.96	45.56	45.52	45.12	45.28
44.12	44.92	44.56	45.4	44.84	45.24	45.44	45.24	46.24	43.84	45.08
45.16	44.52	45.28	44.64	45.16	44.56	45.6	44.52	44.36	45.52	44.68
45.36	46.56	46.32	44.6	45.96	43.52	44.24	44.52	45.36	45.12	46.04
44.96	44.72	45.48	45.6	45.16	44.24	45.44	43.4	45.16	45.56	45
44.64	44.68	44.96	44.92	45.88	44.52	45.52	45.04	45	45.24	45.68
44.92	46.32	44.88	45.12	45.2	45.04	44.56	44.48	45.72	44.16	44.92
45.44	45.96	45.44	44.32	45.16	46.48	47.08	44.6	45.64	45.8	45.44
45.6	46.64	46.08	46.32	45.76	45.88	45.12	45.28	44.84	45.76	46.6
45.88	45.6	46.08	44.56	46.76	47.32	46.32	45.72	45.32	44.76	46
5	previous	instance:	data/B-n68-k9.vrp							
2619	2334	2537	2484	2484	2447	2424	2211	2302	2577	2401
2639	2446	2685	2511	2517	2449	2498	2429	2492	2597	2645
2644	2610	2774	2582	2562	2556	2544	2451	2514	2598	2709
2788	2628	2777	2649	2679	2737	2553	2519	2548	2701	2712
2809	2640	2788	2685	2724	2902	2557	2567	2641	2735	2728
2815	2641	2793	2714	2835	2904	2561	2747	2653	2766	2765
2824	2642	2849	2778	2869	2913	2672	2759	2671	2784	2772
2827	2682	2851	2793	2873	2917	2695	2822	2753	2831	2795
2922	2754	2852	2818	2880	2937	2807	2834	2887	2852	2811
2945	2763	2911	2826	2930	2968	2837	2912	2916	2913	2812
2955	2770	2918	2876	2945	3023	2909	2976	2932	2932	2850
2959	2787	2934	2907	2976	3064	2926	2995	2960	2950	2892
2994	2805	2968	2910	2988	3106	2926	3042	2971	2952	2902
3013	2809	2997	2960	3003	3144	2931	3050	2994	2957	2922
3046	2833	3088	3023	3027	3208	2957	3062	3068	2960	2946
3051	2890	3135	3032	3077	3214	2973	3091	3178	2969	3027
3060	2934	3176	3043	3103	3273	3017	3108	3209	2993	3039
3065	2937	3207	3086	3152	3279	3020	3148	3286	3008	3050
3099	2987	3209	3116	3209	3299	3042	3172	3293	3037	3081
3148	3001	3221	3129	3219	3377	3094	3227	3376	3044	3097
3177	3004	3244	3197	3232	3439	3134	3292	3400	3105	3132
3263	3135	3298	3207	3351	3504	3148	3325	3408	3142	3208
3275	3212	3302	3310	3468	3532	3208	3407	3421	3183	3252
3316	3225	3351	3393	3540	3679	3270	3509	3540	3334	3362
3605	3292	3363	3460	3561	3687	3294	3779	3554	3341	3429
51.96	50.84	51.96	50.36	53.2	50.72	52.28	52.44	52.44	51.32	52.88
53.36	52.44	53.16	51.6	52.84	51.24	52.8	51.6	51.68	51.56	52.76
53.12	49.64	53.68	53.8	52.16	50.76	50.76	51.88	51	51.44	53.52
52.44	52.04	51.88	51.92	52.28	52.04	52.28	51.48	52.68	51.92	53.6
53.28	53.2	53.16	50.96	53.48	53.44	51.16	51.76	52.4	51.76	52.6
53.44	49.92	52.92	51.76	53.56	51.96	52.56	51.36	53.76	53.08	52.48
52.76	51.48	52.24	54.36	53.12	52.32	51.8	52.6	51.2	52.56	51.84
52.24	51.48	53.68	52.16	53.12	53.28	53.24	53.4	51.52	50.48	53.12
51.68	52.4	52.92	52.44	53.04	53.44	52.8	51.32	53.52	53.04	52.48
51.92	51.64	52.44	51.76	53.76	53.48	53.08	52.68	52.6	52.6	51.8
51.64	52.24	53.04	51.6	54.16	52.52	52.32	51.64	53.72	51.36	54.08
53.24	52.96	52.28	51.2	52.48	52.24	53.72	52.96	52.52	52.92	52.48
53.12	53.08	52.2	52.52	52.72	54.16	52.72	52.8	53.76	52.24	53.84
54.64	53	52.56	50.8	53	51.92	53.36	54.04	52.72	53.84	53.68
54.28	52.52	53	54.24	52.8	53.2	52.44	52.6	53.2	52.92	52.92
54.04	52.48	53.32	52.8	52.4	53.28	52.32	52.12	54.24	53.48	52.6
53	52.84	53.36	52.76	53.72	53.6	52.48	53.52	51.84	52.56	53.08
53.68	52.48	54	53.28	53.56	52.68	52.8	53.24	52.28	52.52	52.92
52.64	52.92	53.64	52.2	53.84	52.12	53.6	52.48	53.68	52.84	53
52.36	53.4	52.96	51.76	53.64	53.24	52.72	52.12	51.64	55.16	53.72
53.6	52.32	53.6	52.36	52.64	52.44	52.92	53.56	52.56	52.84	53.12
53.68	53	53.48	52.68	53	53.68	53.12	53.2	54.24	53.4	53.28
53.92	52.52	52.96	52.48	55.2	54.24	54.28	53.28	54.08	53.16	54.04
53.32	52.76	53.48	53.16	53	53.44	53.04	53.08	54.4	53.44	53.12
53.44	53.48	53.56	53.6	53.4	53.48	53.92	53.36	53.28	53.4	53.92
6	previous	instance:	data/B-n78-k10.vrp							
932	777	1021	706	941	792	807	835	817	800	880
939	898	1022	825	967	960	907	848	961	842	982
1003	957	1025	862	994	981	944	858	970	847	983
1049	961	1068	892	1008	1015	983	927	977	897	986
1082	986	1073	918	1072	1055	999	935	980	950	1065
1118	1020	1074	924	1073	1084	1052	966	1006	1055	1068
1140	1058	1079	942	1086	1095	1107	978	1037	1065	1077
1149	1071	1086	988	1093	1102	1118	986	1077	1103	1082
1166	1095	1096	1117	1145	1124	1151	992	1098	1131	1083
1179	1101	1114	1133	1146	1147	1182	1042	1110	1134	1129
1217	1101	1136	1187	1173	1156	1186	1089	1120	1136	1137
1218	1117	1146	1209	1174	1169	1206	1118	1139	1138	1139
1224	1172	1175	1211	1206	1182	1249	1119	1143	1151	1155
1246	1193	1182	1224	1208	1216	1251	1149	1152	1164	1165
1263	1218	1199	1229	1237	1239	1256	1156	1204	1189	1193
1272	1225	1211	1283	1241	1268	1301	1157	1205	1211	1217
1314	1234	1222	1298	1245	1301	1324	1192	1209	1255	1246
1339	1243	1223	1321	1294	1316	1331	1236	1256	1277	1264
1341	1264	1239	1323	1309	1389	1336	1272	1274	1283	1285
1342	1266	1308	1347	1315	1393	1337	1290	1290	1284	1303
1345	1267	1357	1370	1346	1419	1343	1293	1317	1313	1315
1351	1297	1358	1373	1378	1451	1368	1323	1334	1350	1373
1367	1311	1396	1405	1422	1476	1378	1452	1344	1412	1395
1370	1319	1460	1409	1578	1504	1539	1463	1560	1460	1408
1462	1384	1514	1540	1594	1571	1683	1540	1563	1555	1447
15.76	12.76	15.92	16.8	17.2	14.16	14.92	14.84	13.4	14.32	16.12
13.84	12.96	14.4	15.88	15.96	15.08	15.36	13.96	14.8	13.8	14.72
14.2	12.68	14.88	14.6	14.64	13.8	14.2	14.92	13.96	14.76	14.52
17.12	14.92	14.64	16.08	16.6	13.24	16.08	13.12	14.84	14.04	14.76
15.92	15.56	14.8	15.2	14.24	16.36	13.92	14.16	13.32	14.36	15.04
14.44	13.2	16	15.08	14.76	13.32	15.92	14.84	14.8	14.92	15.08
15.4	15.24	14.8	14.08	14.92	14.2	13.88	14.64	15.6	15.32	15.76
15.8	13.76	15.4	14.12	14.12	14.32	15.8	14	13.88	15.68	15.4
14.28	13.92	16.16	15.48	14.44	14.6	16.32	15.84	16.52	14.44	13.92
14.68	15.04	15.84	16.12	14.92	14.88	16.32	14.92	14.88	15.12	17.04
15.6	13.88	16.28	14.28	15.32	15.12	15	13.76	15.68	15.72	14.04
14.6	14.84	15.12	15.08	16	15.72	15.84	16.76	13.88	16.12	15.36
15.12	17.36	14.4	15.4	14.76	13.96	14.8	16.44	14.84	14.52	15.28
15.08	15.6	14.44	17.44	14.48	14.76	14.84	13.2	15.72	15.68	15.16
15.12	16.44	15.2	15.28	15.48	15	16	13.92	14.16	16.44	15.56
16.4	14.88	15.64	14.44	15.96	16.64	15.36	13.36	17.52	16.88	16.96
15.52	13.64	14.72	15.36	16.16	15.36	14.2	14.72	17.28	14.68	14.6
14.32	16.08	17.68	14.6	14.4	17.08	17.36	15.52	16.28	14.48	14.64
14.84	14.04	14.6	16.2	15.92	14.56	14.68	15.48	15.2	14.84	14.32
14.2	14.24	15.24	15.92	14.48	16.88	15.08	16.76	14.44	14.64	16
14.8	13.8	15.16	15.76	16.12	15.76	15.48	16.96	13.68	15.68	14.36
16.76	13.56	14.48	16.88	16.28	14.84	14.64	13.8	14.72	14.92	14.32
14.84	16.44	15.24	15.44	16.36	15.76	16.36	14.32	14.88	14.76	16.4
16.36	15.8	16.72	15.6	15	14.64	15.72	14.4	14.72	16	14.36
13.8	13.88	15.76	15.48	16.4	15.88	14.88	15.16	13.84	15.4	17.52
7	previous	instance:	data/E-n30-k3.vrp							
1011	1036	917	1069	1032	813	1043	1034	983	893	1044
1039	1082	998	1073	1087	1059	1086	1043	1051	1057	1130
1089	1092	1024	1104	1112	1061	1095	1069	1061	1109	1147
1116	1094	1107	1112	1115	1086	1097	1148	1131	1127	1151
1120	1108	1151	1124	1133	1106	1133	1150	1141	1148	1175
1153	1123	1186	1127	1143	1140	1144	1157	1179	1152	1176
1154	1127	1199	1128	1157	1145	1146	1160	1182	1162	1176
1154	1130	1233	1163	1158	1183	1152	1181	1184	1191	1178
1156	1131	1235	1170	1162	1187	1190	1185	1187	1203	1194
1163	1131	1243	1176	1201	1200	1201	1220	1195	1205	1230
1175	1160	1261	1179	1203	1205	1207	1246	1202	1211	1244
1179	1165	1263	1181	1208	1210	1214	1259	1207	1213	1256
1180	1176	1271	1196	1222	1216	1271	1278	1210	1227	1258
1203	1193	1279	1206	1231	1227	1272	1299	1211	1229	1258
1228	1208	1285	1208	1247	1227	1301	1304	1228	1232	1269
1236	1210	1297	1219	1252	1233	1314	1310	1235	1236	1278
1263	1246	1299	1219	1255	1240	1317	1315	1240	1247	1288
1291	1262	1305	1222	1260	1262	1318	1316	1252	1261	1289
1294	1264	1308	1252	1265	1339	1324	1347	1256	1262	1290
1315	1265	1314	1270	1287	1349	1337	1370	1260	1318	1301
1336	1277	1316	1298	1295	1350	1361	1374	1271	1333	1309
1338	1277	1342	1301	1297	1352	1364	1385	1283	1362	1347
1342	1283	1343	1307	1327	1409	1370	1393	1284	1363	1364
1413	1324	1374	1320	1338	1448	1374	1393	1339	1368	1373
1494	1568	1385	1328	1454	1458	1396	1399	1364	1393	1404
30.72	32.36	30.24	31.16	30.2	29.72	30.88	31.64	30.56	30.88	32.04
31.8	31.28	30.72	31.84	30.28	31.28	30.28	31.12	31	30.8	32.08
30.68	31.52	30.52	30.92	30.56	31.64	31.2	31.8	31.36	31.92	31.56
30.32	31.8	31.44	31.28	31.96	29.76	31.28	31.72	30.4	31.16	29.92
31.92	31.28	31.64	31.16	29.96	31.92	30.44	30.92	30.52	30.8	31.32
31.64	31.96	31.48	31.88	30.8	32.76	30.84	31.36	30.68	30.56	31.4
30.16	30.72	32.24	30.52	32.2	32.12	31.44	32.08	31.52	31.88	31.24
32.44	30.48	31.12	32.6	31	30.6	31.52	30.16	30.12	31.6	31.4
30.92	30.88	31	31.12	31.96	31.36	31.12	31.6	31.6	31.12	31.72
32.32	30.8	32.48	31.68	30.88	30.52	31.08	32.52	32.16	31.36	32
30.64	31	31.16	31.28	31.44	31.12	30.52	32.44	31.52	31.24	31.12
32.08	30.84	31.48	32.28	31	31.08	31.64	31.64	31.12	32.12	31.4
32.12	30.64	32.2	31.32	30.04	30.48	31.96	30.68	32.44	31.48	31.6
32.76	31.48	31.56	32	32.56	31.16	32.48	31.36	31.36	31.88	31.6
31.04	30.88	31.8	31.56	32.16	31.16	31.32	33.28	30.96	31.16	31.8
31.52	32	32.04	31.76	31.76	31.28	32.88	31.36	31.44	31.6	31.6
31.24	30.92	30.84	32.12	30.4	31.08	32.16	32.2	31.8	31.76	31
32.04	31.68	32	31.8	32.2	31.56	31.36	31.12	32.92	31.6	31.16
31.8	30.64	31.56	31.28	31.84	32.44	32.04	31.12	30.96	31.72	32.08
31.64	31.48	32.12	32.04	31.52	32.04	32.32	31.28	31.16	31.56	30.96
31.64	31.92	31.4	30.32	31.24	32.2	32.44	32.16	32.64	31.64	32.96
32.04	31.52	31.84	31.76	31.2	32.92	31.32	31.88	31.6	31.68	31.8
32	31.24	31.04	32.24	31.28	32.08	30.72	31.36	31.76	32.12	31.84
32.12	30.08	32.28	31.44	31.56	31.8	31.48	32.48	31.56	31.84	32.08
32.76	31.92	31.96	31.4	30.48	31.92	31.52	31.8	30.4	32.04	31.76
8	previous	instance:	data/E-n51-k5.vrp							
1624	1551	1604	1618	1545	1586	1667	1650	1458	1652	1605
1627	1566	1611	1632	1549	1615	1669	1651	1496	1656	1616
1631	1586	1612	1647	1588	1640	1673	1661	1558	1683	1622
1639	1606	1646	1672	1590	1664	1685	1661	1569	1707	1625
1683	1660	1664	1681	1624	1719	1690	1672	1585	1712	1636
1695	1666	1666	1692	1635	1727	1704	1673	1661	1735	1657
1721	1680	1670	1719	1648	1752	1707	1696	1704	1752	1677
1726	1682	1675	1764	1653	1780	1722	1701	1748	1764	1689
1810	1729	1678	1770	1663	1790	1734	1716	1761	1802	1700
1818	1755	1688	1795	1701	1794	1749	1722	1769	1810	1721
1819	1758	1704	1797	1740	1797	1762	1738	1774	1821	1721
1839	1769	1716	1806	1750	1807	1762	1745	1781	1833	1726
1856	1805	1744	1811	1761	1811	1765	1747	1787	1835	1740
1870	1820	1745	1826	1771	1819	1776	1762	1793	1849	1742
1871	1823	1770	1829	1783	1839	1776	1807	1838	1865	1760
1873	1835	1795	1833	1802	1861	1777	1810	1843	1873	1775
1878	1845	1810	1871	1806	1865	1790	1828	1850	1875	1792
1885	1849	1816	1872	1835	1867	1808	1858	1872	1883	1830
1887	1863	1816	1873	1865	1875	1818	1858	1875	1904	1832
1891	1875	1817	1887	1876	1879	1821	1885	1886	1919	1846
1901	1907	1850	1922	1931	1885	1826	1885	1920	1928	1875
1913	1928	1860	1944	1940	1886	1839	1925	1920	1941	1907
1989	1944	1918	1993	1949	1902	1895	1956	1992	1966	1931
2010	1980	1930	2001	1961	2012	1918	1959	2032	2005	1950
2094	2004	1951	2048	1964	2045	2012	2006	2261	2060	2007
51.48	49.8	51.24	51.88	51.96	50.28	50.88	51.12	48.2	52.2	51.24
49.68	52.28	50.84	50	50.44	50.96	50.12	51.2	50.48	50.6	49.8
51.08	50.96	50.04	52	51.68	50.96	49.84	51.52	51.12	51.16	51.36
52.36	50.76	51.92	51.48	51.56	51	50.44	49.96	50.68	51.88	51.8
51.16	51.96	51.16	50.92	51.28	49.56	51.2	52.04	50.8	50.88	51.32
51.52	52.4	51.84	51.64	51.44	50.6	51.4	50.4	51.24	51	52.08
50.04	52.36	50.92	50.92	52	51.52	50.8	51.92	49.96	51.56	51.52
52.04	50.16	49.72	51.12	51.92	51.04	52.2	51.56	51.24	51.12	50.8
50.72	50.04	50.48	52.12	51.28	50.88	51.08	52.12	50.4	51.76	52.52
51.64	51.8	51.64	51.28	52.16	51.88	51.52	50.2	51.2	52.04	51.48
50.92	52.32	51.48	50.8	51.64	50	51.72	51.56	51.56	51.6	51.8
51.48	51.32	50.68	52.32	51.44	49.88	52.48	51.28	51.92	50.64	51
50.88	52.96	51.88	52.28	51.2	51.04	51.56	52.56	51.24	51.04	52.2
52.24	51.64	52.12	51.76	51.76	50.84	50.2	51.48	50.08	51.44	50.36
52.72	51.32	51.84	51.32	51.48	50.96	50.76	52.48	51.52	52.04	51.92
51.32	52.68	51.68	52.08	52.12	51.44	52.12	51.28	50.84	52.44	52.2
51.68	51.12	51.6	51.56	53.28	51.16	51.04	51.72	51.32	52.84	52.08
50.56	50.84	52.32	51.8	51.76	52.36	51	52.32	50.44	51.48	51.4
51.76	51.72	50.24	53.52	51.28	52.24	51.56	50.92	51.76	50.92	51.56
51.16	51.48	50.84	51.96	51.52	51.52	51.92	51.16	49.96	51.68	51.04
51.68	49.88	52	52.72	51.24	51.72	51.08	51.68	52.08	51.16	52.24
51.8	52	50.88	51.88	53.28	52.56	51.76	51.92	53.12	52.76	51.76
51.2	52.04	52.04	52.84	51.24	51	52.84	51.24	51.96	52.28	51.2
50.4	51.88	51.72	51.96	51.16	51.44	50.72	52.08	52.48	52	51.6
52.28	52.2	51.24	51.84	51.64	51.12	52.24	50.84	52.76	52.56	52.08
9	previous	instance:	data/E-n76-k7.vrp							
Algorithm	is	running:								
661	635	644	698	650	702	684	634	705	652	694
700	648	661	700	700	731	685	701	713	652	729
720	724	677	724	728	776	695	708	727	690	758
721	739	702	735	731	782	713	714	748	713	758
730	740	719	741	769	793	717	745	757	727	774
755	743	724	756	770	794	743	777	768	737	785
757	749	772	761	774	800	745	785	771	741	790
757	755	779	788	781	819	759	796	776	779	799
760	773	800	791	788	820	762	805	803	781	799
766	775	800	825	791	822	812	806	804	784	816
767	775	804	828	795	825	813	817	807	799	818
773	788	809	839	798	827	817	826	825	799	823
773	800	813	839	805	836	818	835	826	805	832
788	800	819	845	806	839	819	844	831	820	848
791	800	849	852	806	840	824	862	839	827	852
828	805	862	857	807	844	830	866	840	829	860
833	833	879	861	812	850	836	868	842	837	860
843	839	880	893	835	860	888	872	875	844	860
849	848	881	905	855	886	891	906	875	850	873
855	858	889	926	859	894	895	907	877	870	905
872	889	906	928	889	895	909	917	891	876	914
884	891	910	928	894	947	912	953	914	894	922
885	907	920	949	901	974	919	956	923	924	928
950	912	960	958	925	1006	921	962	929	944	948
977	935	962	974	940	1012	938	968	960	963	959
44.96	45.24	45.32	44.76	44.96	45.68	45.12	42.6	42.52	43.48	47.16
46.56	46.04	43.24	44.92	47.44	46.64	42.08	42.68	43.16	45.84	44.92
44.4	45.76	44	47	43.48	46.76	48	46.88	43.72	47.16	48.2
44.08	45.24	44.44	44.12	45.68	45.88	46	43.48	45.92	42.76	47.28
43.84	45.92	42.6	45.16	46.44	46.04	45.08	43.52	47.24	46.72	47
45.92	46.52	46.84	47.56	42.92	43.36	44.04	44.16	46.92	45.4	45.88
47.24	43.52	45.56	43.12	45.04	44.64	45.6	47.64	44.48	41.96	46.48
44.48	45.84	42.56	48.28	43.96	43.76	48.32	46.68	43.24	46.2	42.16
43	45.2	47	46	45.88	47.68	45.36	45.68	45.16	43.56	48.56
44.88	46.96	44.16	43.8	45	46	43.6	45.68	44.44	43.96	45.6
45.08	43.88	47.4	43.36	46.08	47.04	42.32	45.04	45.12	47.08	48.36
45.36	43.68	44.28	43.44	43.12	43.8	48.84	47.12	43.8	48.04	41.8
43.32	46.24	44.84	43.04	47.68	46.16	44.08	45	48.04	45.88	43.48
45.88	44.72	44.92	47.32	45.4	46.16	48.52	47.96	45.68	46.84	47.28
43.28	47.48	47.2	43.8	44.36	45.16	47	46.88	45.8	45.4	48.6
46.68	46.76	45.76	48	45.8	44.28	44.44	41.44	46.68	46.52	43.48
44.8	43.52	47.56	44.4	44.96	43.76	45.92	49.52	45.36	45.48	46.36
45.4	44.36	46.2	47	45.48	45.48	44.72	47.08	46.48	42.32	43.44
49.36	46.2	46	42.8	45.32	43.2	46.12	45.28	45.16	46.12	47.04
42.12	44.36	47.16	45.92	45.4	45.2	47.16	44.96	47.8	48	45.6
44.44	49.28	46.6	46.68	49	44.4	45.76	46.44	44.48	45.6	45.08
45.08	47.24	43.76	46.24	46.56	45.2	45.12	45.88	44	44.32	42.16
44.96	48.6	45.2	45	47	45.92	43.52	48.2	47.04	45.52	44.96
45.2	43.08	44.16	46.4	46.52	47.68	47.4	46.48	44.04	46.04	44.76
43.28	44.68	44.04	46.72	47	46.6	46.52	46.28	46.6	43.92	43.32
10	previous	instance:	data/F-n72-k4.vrp							
3251	3148	3601	3067	3086	3432	3159	3373	2670	3741	3341
3307	3507	3761	3383	3592	3453	3427	3683	3600	3745	3704
3499	3655	3830	3414	3654	3542	3445	3789	3700	3764	3706
3518	3774	3833	3575	3657	3637	3700	3854	3839	3830	3760
3521	3791	3851	3630	3709	3727	3727	3912	3923	4036	3887
3528	3801	3882	3658	3714	3733	3917	3967	4076	4077	3894
3555	3846	3924	3672	3730	3748	3946	3971	4112	4097	3917
3703	3912	3980	3727	3832	3820	3950	3984	4156	4136	3972
3925	3948	4058	3774	3888	4045	3962	4096	4173	4178	3998
3942	3974	4068	3826	3903	4114	4104	4119	4228	4180	4071
4004	4017	4145	3877	3943	4139	4134	4169	4252	4211	4122
4107	4036	4228	3888	4046	4140	4215	4194	4291	4327	4138
4162	4106	4239	3890	4056	4167	4259	4270	4380	4328	4146
4181	4183	4264	3975	4176	4188	4278	4326	4417	4334	4233
4213	4327	4290	4015	4257	4214	4365	4390	4564	4377	4265
4223	4405	4459	4263	4275	4247	4367	4440	4574	4395	4328
4350	4442	4490	4311	4413	4313	4429	4511	4601	4410	4345
4371	4453	4518	4380	4478	4342	4451	4518	4606	4441	4421
4472	4536	4545	4404	4494	4386	4492	4556	4613	4465	4440
4575	4562	4685	4643	4495	4456	4544	4603	4706	4502	4440
4577	4670	4737	4712	4558	4513	4584	4610	4745	4607	4495
4690	4777	4752	4792	4584	4587	4603	4619	4756	4623	4593
4723	4794	4787	4822	4666	4593	4684	4708	4796	4629	4634
4779	4899	4839	4827	4698	5090	4837	4994	4866	5129	4643
5041	5034	4846	4880	5102	5104	4984	5005	5126	5297	4826
97.08	98.16	99.4	97.68	98.76	96.6	99.88	98.76	99.12	96.12	98.24
96.76	101	99.36	97.8	98	96.92	97.76	97.44	98.92	99.92	97.28
98.2	96.68	99.84	98.4	97.8	98.4	99.64	96.88	99.24	95.64	97.4
98.52	99.96	100.8	99.52	98.16	100.16	98.68	95.28	97.68	98.08	100
99.04	100.36	99.32	97.04	97.24	97	99.64	97.88	98.28	98.16	99.04
98.64	98.48	98.84	97.64	97.04	96.76	99.2	95.8	97.76	99.92	99
98.4	97.8	99.68	98.24	97.04	97.88	97.32	95.64	99.4	97.12	99.88
97.32	98.44	97.48	99.2	98.24	99.8	100.36	98.28	98.2	96.08	97.64
97.84	101.32	98.2	99.76	98.76	100.04	96.4	101.12	99.68	97.92	98.2
97.56	98.8	98.24	97.08	97.8	96.92	98.32	97.88	99.16	99	99.2
97.92	97.72	97.36	98.84	98.04	96.84	99.12	98.56	98.68	99.32	99.56
99.96	97.96	98.44	99.44	98.64	97.72	98.4	100.88	99.96	97.64	98.36
98.32	97.68	100.8	95.56	98.08	99.64	99.08	98.04	98.6	99.64	101.2
99.36	97.24	98.8	96.68	99.8	96.88	98	97.4	98.12	98.6	97.08
98.6	98.24	99.2	97	98.32	98.56	97.8	100.12	99	96.56	96.88
99.44	99.4	98.48	95.48	98.08	97.8	98	100.64	98.4	97.12	98.92
99.04	98.8	100.36	97.4	99.24	97.68	98.64	97.92	97.12	96.24	97.52
96	99.92	100.6	96.52	97.28	98.12	97.92	97.44	97.08	98.92	96.68
98.6	97.8	99.12	98.92	97.2	97	98.6	99.84	96.36	95.84	97.84
96.12	98.24	96.2	98.16	97.36	98.44	98.52	97.36	98.92	99.04	96.8
98.96	97	99.88	97.84	97.28	98.2	97.16	99.16	97.72	97.36	97.28
100.12	99.72	100.04	98.64	97.96	97.24	98.6	98.96	98.2	100.6	97.8
98.32	98.36	98.52	100.2	97.4	97.76	98.68	96.64	101.12	98.04	97.32
97.48	99.76	98.08	97.84	98.88	98.96	96.6	97.28	98	99.08	99.68
99.28	97	98.4	99.28	98.96	99.88	98.4	98.64	100.64	97.44	97.48
11	previous	instance:	data/F-n135-k7.vrp							
2279	2319	2229	2317	2230	2012	2210	1957	2267	2257	2100
2306	2396	2347	2339	2324	2227	2312	2190	2348	2321	2262
2392	2425	2504	2438	2351	2324	2313	2443	2356	2363	2347
2401	2472	2539	2440	2369	2364	2443	2497	2387	2434	2463
2485	2520	2550	2441	2475	2379	2447	2524	2422	2460	2466
2509	2520	2553	2497	2543	2381	2450	2525	2469	2470	2506
2524	2532	2568	2500	2554	2460	2489	2527	2509	2483	2562
2527	2554	2620	2511	2604	2533	2524	2588	2564	2512	2571
2537	2577	2634	2529	2622	2552	2529	2593	2566	2573	2578
2577	2605	2643	2534	2654	2587	2578	2625	2567	2577	2590
2595	2609	2646	2568	2655	2610	2580	2637	2589	2618	2591
2678	2629	2657	2594	2671	2621	2662	2649	2601	2627	2602
2699	2665	2730	2596	2676	2663	2682	2652	2620	2634	2603
2705	2666	2745	2596	2688	2666	2692	2655	2626	2675	2614
2735	2702	2770	2604	2690	2712	2710	2671	2670	2691	2616
2738	2735	2780	2615	2712	2713	2729	2678	2687	2692	2649
2754	2748	2796	2635	2741	2733	2735	2712	2692	2822	2676
2788	2761	2797	2647	2769	2734	2787	2731	2697	2823	2695
2800	2784	2824	2656	2802	2738	2831	2743	2711	2853	2697
2811	2832	2836	2728	2816	2770	2880	2758	2768	2863	2712
2813	2876	2900	2753	2817	2779	2919	2880	2779	2880	2790
2860	2913	2919	2765	2853	2800	2957	2880	2787	2884	2835
2861	3060	2929	2788	2911	2873	2999	2912	2834	2935	2838
2985	3075	2964	2795	3043	2962	3021	2951	2938	2974	2857
3184	3164	3107	2800	3344	3038	3275	2986	2973	3028	2903
70.04	70.2	70.84	70.84	70.56	69.68	71.2	70.08	70.16	70.64	69
68.76	70.92	71.56	69.68	70.4	70.36	71.28	70.28	70.72	71.44	70.52
69.76	71.8	71.4	71.04	70.2	72.48	71.64	71.32	72.08	70.56	71.96
71.2	70.32	71.16	70.44	69.72	72.04	70.72	71.2	72	71.08	71.76
72.32	71.96	71.88	71.92	70.6	70.76	71.52	73.04	72.88	69.6	71.4
69.84	71.56	71.6	71	70.84	71.2	72.8	71.64	72.4	70.76	72.28
70.92	72.44	71.96	71.56	71.08	67.88	71.44	71.6	70.36	71.56	70.48
70.52	70.28	71.68	70.56	71.44	70.4	70.68	70.64	71.32	71.52	71.84
70.8	72.16	72.12	70.4	71.96	71.4	69.68	72.32	70.32	69.56	70.84
71.16	72.64	72.4	72.48	71.56	70.56	70.24	71.32	70.8	70.88	72.36
72.04	71.16	71.24	71.04	71.6	71.72	71.16	71.96	70.56	71.84	71.6
71.44	71.52	73.36	70.88	71.76	71.44	71.32	71.76	71.68	71.56	71.48
72.6	72.44	72.6	71.56	72.16	71.52	72.48	71.16	71.24	70.84	69.8
72.92	72	71.68	72.4	71.8	71.32	72.24	72	72.48	71.24	72.2
70.92	72.52	71.64	69.36	71.2	70.68	70.24	72.8	70.76	72.8	69.72
71.4	72.72	72.16	69.8	70.52	71.16	73.16	71.92	71.52	70.92	71.8
71.64	72.8	71.84	72.32	71.28	73	72.88	71.28	71.6	73.56	71.56
72.68	71.6	72	71.76	72.68	72.24	71.12	70.6	71.92	71.72	70.92
73.44	71.76	71.8	71.88	72.76	70.84	72.08	71.96	71.68	73	70.88
72.4	72.68	72.12	70.84	73.24	72.32	72.68	71.68	71.2	72.24	70.72
72.44	71.92	72.16	70.2	72.36	73.24	71.52	72.6	72.84	72.12	71.4
72.68	72.64	73.44	72.96	72.08	71.24	70.64	72.24	70.96	71.84	70.16
71.48	72.12	71.92	71.44	71.72	72.2	71.2	72.24	70.76	72.04	71.52
72.16	72.16	72.6	71.12	73.2	72.6	72.96	72.64	71.96	73.12	72.12
72.56	72.08	72.48	71.72	72	72.04	71.8	72.04	72.72	72.52	72.36
12	previous	instance:	data/M-n101-k10.vrp							
3405	3592	3128	3517	3499	3469	3313	3649	3082	3671	3794
3760	3860	3561	3691	3795	3707	3357	3688	3184	3720	3813
3831	3907	3583	3713	3871	3718	3436	3716	3417	3764	3831
3893	3919	3641	3836	3919	3738	3519	3791	3695	3843	3887
3942	4117	3820	3836	3961	3749	3578	3798	3757	3860	3975
3982	4130	3822	3944	3980	3764	3674	3830	3786	3874	4011
3989	4186	3833	4050	3985	3817	3698	3845	3854	3882	4098
4133	4221	3835	4076	4024	3849	3734	3982	3865	3943	4113
4157	4236	3865	4106	4063	3959	3753	4010	3966	4043	4144
4172	4240	3972	4148	4151	4025	3840	4011	3979	4058	4161
4257	4244	3999	4168	4258	4032	3848	4016	3983	4111	4217
4262	4300	4093	4173	4286	4068	3977	4072	4021	4114	4238
4280	4329	4094	4175	4315	4112	3994	4094	4052	4133	4275
4281	4331	4118	4186	4318	4125	4016	4145	4054	4170	4302
4313	4355	4121	4196	4320	4250	4021	4167	4156	4208	4404
4325	4430	4138	4245	4341	4285	4120	4233	4275	4212	4411
4392	4448	4187	4260	4350	4399	4180	4261	4293	4223	4413
4405	4470	4210	4321	4357	4405	4182	4272	4346	4262	4414
4427	4476	4470	4326	4360	4423	4283	4365	4377	4284	4423
4447	4480	4470	4389	4436	4469	4310	4428	4426	4332	4432
4483	4586	4599	4574	4553	4496	4314	4497	4442	4345	4433
4601	4720	4643	4584	4621	4589	4488	4635	4461	4407	4439
4717	4795	4747	4621	4774	4595	4557	4721	4484	4413	4533
4784	4920	4844	4634	5002	4784	4578	4875	4602	4414	4546
4810	5089	4922	4782	5004	4803	5048	4898	4911	4561	4553
83.88	85.12	83.2	84.88	83.6	83.6	83.2	84.24	84.6	84.44	83.16
84.32	85.08	85.16	85.08	84.16	84.12	83.04	85.84	83.12	83.88	85.6
84.68	85.12	84.16	85.92	84.56	84.28	84.2	84.44	83.52	84.48	85.36
83.92	86.12	85.08	86.84	85.48	83.4	83.4	85.2	83.8	84.52	84.68
85.76	87	84.92	85.44	85	86.96	83.52	83.56	85.4	85.4	85.8
84.04	85.28	85.36	85.2	85.36	84.36	85.48	85.4	85.84	85.08	86.16
85.6	86.32	85.4	84.96	85.56	85.12	84.04	85.48	85.68	83.92	85.8
84.8	84.96	83.68	86.88	84.32	86.04	83.56	85.16	85.16	84.16	84.92
85.28	85.28	85.12	85.48	83.96	85.44	85.76	85.88	84.44	85.52	84
85.88	85.84	84.04	86.64	84.48	85.04	84.28	85.8	85.04	85.88	83.92
85.12	85.52	84.92	84	85.88	84.2	82.76	84.4	83.48	83.48	85.64
85.16	85.88	84.52	83.28	84.48	85.8	86.08	82.92	85.6	84.28	85.52
85.88	85.24	85.04	84.56	84.28	85	85.84	85.48	85.72	84.04	86.52
85.68	85.4	84.4	85.4	86.6	83.92	85.92	85.8	85.28	84.76	86.04
87.36	85.04	86.64	84.32	84.16	85.36	85.2	84.6	85.96	85.32	85.28
84.84	85.6	87.24	85	86.56	85.16	84.68	84.64	84.44	84.56	85.16
84.28	86.6	85.08	84.16	85.64	84.84	85.56	84.8	84.48	84.64	85.68
85.96	86.56	85.76	85.12	84.44	85.32	83.48	87.4	85.52	83.6	85.88
85.4	86.28	84.72	85.6	85.76	83.88	85.48	86.16	84.44	84	86.6
84.88	85.4	85.6	85.76	85.32	85.64	85.36	85.72	87.44	85.84	87.2
85.36	84.96	85.88	84.08	85.28	85.36	84.08	85.56	85.28	86.36	87.32
85.32	86.04	85.44	85.24	85.4	84.96	86.12	84.96	85.72	85.8	84.76
86.16	86.2	86.4	85.84	85.08	85.48	84.64	85.92	85	85.28	87.12
83.64	84.76	85.76	86.4	85.92	87	86.52	85.56	86.2	86.16	85.84
85.92	84.36	85.84	86.12	86	85.6	84.48	85.72	85.6	85.28	86.52
13	previous	instance:	data/M-n121-k7.vrp							
1470	1416	1503	1392	1443	1382	1452	1334	1558	1452	1494
1483	1477	1588	1492	1505	1509	1462	1521	1563	1562	1497
1485	1485	1604	1524	1516	1515	1548	1532	1570	1569	1526
1569	1486	1608	1561	1557	1535	1577	1608	1596	1570	1587
1573	1591	1623	1574	1576	1546	1581	1624	1602	1574	1605
1597	1607	1657	1584	1581	1576	1624	1637	1606	1584	1608
1599	1618	1662	1588	1606	1582	1659	1642	1641	1585	1620
1627	1626	1686	1610	1614	1600	1666	1677	1645	1624	1651
1632	1652	1711	1623	1619	1622	1689	1679	1675	1669	1666
1633	1659	1724	1679	1622	1623	1696	1691	1688	1669	1677
1638	1666	1734	1706	1649	1630	1704	1698	1706	1704	1693
1642	1672	1746	1714	1679	1655	1726	1718	1714	1720	1706
1675	1677	1774	1722	1755	1660	1737	1742	1732	1759	1739
1680	1693	1781	1724	1766	1684	1740	1745	1760	1768	1740
1691	1716	1796	1751	1789	1696	1742	1752	1771	1776	1752
1701	1738	1802	1798	1819	1777	1761	1761	1793	1781	1781
1741	1752	1811	1808	1825	1801	1762	1763	1795	1783	1798
1770	1756	1831	1831	1838	1810	1778	1771	1803	1806	1821
1778	1758	1835	1837	1845	1811	1792	1773	1806	1829	1844
1794	1762	1867	1858	1847	1818	1835	1780	1824	1829	1849
1794	1794	1883	1861	1848	1888	1837	1810	1825	1868	1875
1801	1804	1897	1876	1860	1903	1848	1813	1861	1894	1884
1811	1839	1942	1901	1863	1930	1861	1849	1861	1951	1895
1972	1886	1977	1967	1956	1952	1866	1866	1920	1982	1905
2019	1946	1987	1988	2069	2016	1930	2004	1986	2016	1988
46.44	45.92	46.8	48.16	46.96	45.92	46.56	46.32	45.28	46.76	45
46.4	46.04	47.28	46.52	45.12	46.24	46.12	45.68	45.8	46.56	45.84
45.76	46.76	48.28	45.76	47.12	45.32	46.32	47.28	46.88	47.24	46.48
46.6	45.72	45.76	45.52	46.68	46.44	46.76	46.64	46.44	46.84	46.24
47.28	46.88	47.08	47.96	45.44	46.64	47.32	46.92	47.56	47.96	46.08
46.48	47.32	47.24	46.84	47.28	46.56	46.68	46.92	46.44	47.76	47.32
46.64	46.92	46.56	45.68	46.68	45.76	46.28	46.12	46.04	46.24	47.32
46.6	47	48.52	45.04	46.08	47.12	45.8	46.6	46.12	47.52	47.48
46.96	47.24	47.2	45.64	45.28	45.84	46.56	47.36	46.52	47.84	46.72
46.04	46.36	46.32	45.92	46.36	45.88	47.52	47.12	46.4	46.6	45.8
47.56	46	46.6	46.12	46.04	46.88	47.44	47.84	45.84	45.8	46.16
46.64	46.68	46.6	46.76	46.8	47	47.64	46.16	45.6	46.64	45.96
46.36	45.4	47.24	45.96	46.6	47	47.6	46.6	48.08	46.08	46.92
47	47.32	47.12	46.44	45.12	47.16	46.4	46.84	47.04	46.44	46.92
47	46.76	47.2	47.92	46.64	47.04	46.6	48.44	46.72	47.08	46.68
47.36	46.48	47.84	48.04	46.6	47.08	46.68	47.64	47.48	46.6	48.04
47.12	44.44	47.16	47.08	48.12	46.56	47.16	46.4	46.28	46.64	47
47.48	46.4	46.72	47.44	46.4	45.84	47.32	46.28	48.04	47.12	47.04
47.84	47.32	46.96	46.24	46.52	46.6	47.76	46.44	47.08	46.96	47.6
47.32	48.24	47.24	45	47.04	46.72	48.16	48.2	46.8	48.72	46.8
46.92	47.88	46.4	48.64	46.36	45.92	44.96	47.32	47.08	47.68	47.88
46	46.64	46.32	46.64	47.24	46.56	46.32	46.84	46.48	47.52	47.56
47.04	45.72	47.68	47.08	47.96	47.08	46.88	46.72	47.68	47.44	47.48
47.72	46.28	46.88	47.48	46.28	46.8	46.48	46.44	45.72	46.92	46.6
47.24	47.08	45.8	46.32	46.76	46.68	46.8	47	48	47.68	48.36
14	previous	instance:	data/P-n76-k4.vrp							
1851	1942	2036	1903	1900	1935	2019	1808	2013	1936	1918
1914	1970	2132	2003	1919	2063	2043	1949	2031	2006	1938
1965	1998	2144	2018	1958	2102	2050	2040	2053	2009	2076
2037	2014	2151	2042	2104	2148	2072	2110	2071	2031	2111
2051	2028	2171	2078	2105	2160	2078	2113	2080	2041	2126
2053	2091	2176	2102	2139	2174	2081	2118	2090	2073	2200
2068	2095	2225	2102	2154	2179	2124	2129	2106	2088	2201
2099	2125	2246	2115	2159	2208	2158	2157	2135	2125	2211
2107	2137	2254	2169	2212	2209	2161	2158	2140	2131	2221
2112	2148	2255	2170	2228	2236	2178	2179	2159	2133	2226
2140	2230	2257	2178	2245	2246	2182	2228	2241	2137	2228
2144	2232	2264	2183	2267	2270	2226	2271	2243	2170	2246
2146	2233	2277	2188	2272	2282	2226	2286	2253	2199	2258
2146	2282	2313	2203	2273	2295	2227	2312	2266	2201	2260
2149	2292	2329	2209	2291	2302	2233	2317	2285	2222	2289
2164	2345	2329	2224	2319	2313	2268	2376	2289	2244	2297
2171	2372	2331	2257	2323	2315	2275	2393	2290	2251	2317
2172	2373	2343	2278	2327	2316	2289	2397	2330	2263	2341
2184	2415	2352	2313	2350	2332	2300	2424	2358	2294	2346
2195	2432	2378	2339	2352	2340	2303	2432	2385	2325	2378
2245	2444	2435	2341	2365	2352	2303	2437	2426	2326	2389
2314	2491	2505	2384	2416	2382	2307	2454	2433	2329	2463
2353	2500	2568	2386	2430	2384	2331	2454	2462	2339	2499
2369	2529	2605	2392	2446	2387	2466	2477	2483	2363	2509
2523	2560	2655	2475	2500	2492	2552	2508	2525	2474	2579
62.88	64.6	63.88	63.16	65.48	63.84	64.36	64.52	63.32	62.92	63.8
64.36	64.44	64.28	63.04	64.16	62.28	63.84	63.96	63.64	63.76	62.96
63.4	63	63.64	63.36	64.24	64.6	64.12	64.76	63.8	64.48	65.32
66.16	63.72	66.28	63.6	64.08	64.4	64.48	64.88	63	64.48	64.76
65.4	63.76	64.48	64.36	63.76	63.96	65.16	63.64	65.92	63.16	63.56
64.84	64.4	63.6	64.24	64.84	66.16	66.04	65	64.48	64	64.32
63.92	64.28	61.24	63.88	65.24	63.8	64.6	63.4	63.2	64.68	65.16
64.84	64.28	63.48	64.16	65.68	64	64.48	64.32	63.52	64.16	64.68
63.44	66.04	61.96	62.84	65.44	64.48	63.6	64.04	64.52	64.72	63.72
64.64	64.76	63.72	64	65.24	64.84	64.24	64.28	64.2	65	64.28
62	64.16	63.28	61.88	63.76	64.24	63	64.16	64.76	64.92	63.96
64.28	64	64.56	63.04	63.96	64	64.6	65.8	61.8	64.12	63.72
64.84	65.36	64.72	64.88	64.44	63.48	64.36	64.8	63.8	65.28	64.12
64.48	65.08	63.44	63.6	64.36	64.96	64.4	63.56	66.16	63.84	62.72
64.68	64.28	63.28	64.56	64.92	63.96	64.8	64.16	65.36	64.56	63.32
63.36	64.84	64.2	63.36	64.64	65.48	64.68	63.36	63.08	64.04	63.72
65.08	64.64	65.04	63.6	64.84	63.12	64.32	64.68	64.76	64.96	64.16
62.88	63.52	63.24	64.44	63.84	63.36	65.04	65.04	65.2	63.76	65.08
63.4	64.64	64.24	65.08	65.04	64.04	62.52	63.16	63.12	65.8	64.36
63.96	65.24	64.84	62.52	64.72	63.4	64.32	65.16	65.52	65.36	65.08
64.12	64.68	64.76	62.96	64.56	63.44	63.96	64.52	62.92	63.16	66.2
64	65.12	64.72	65.12	65.08	64.04	65.24	64.96	63.24	65.28	65.16
63.96	65.08	63.6	63.04	64.16	65.08	64.88	62.56	63.96	62.56	66.76
64.44	62.84	63.8	64.36	63.8	64.88	63.48	64.64	63.92	64.36	63.2
64.04	63.6	63.4	63.04	64.24	64.24	64.32	63.84	65.32	64.16	65.56
15	previous	instance:	data/P-n101-k4.vrp							
