1140	985	1119	1064	1060	1028	941	1047	1132	991	1086
1144	1026	1152	1181	1087	1141	985	1094	1176	1011	1093
1162	1040	1173	1288	1107	1147	1063	1122	1189	1014	1104
1169	1139	1208	1294	1112	1160	1190	1168	1193	1084	1115
1195	1182	1220	1294	1172	1162	1232	1186	1249	1096	1119
1200	1236	1257	1301	1212	1164	1239	1221	1268	1113	1143
1222	1239	1258	1313	1214	1167	1242	1228	1303	1142	1250
1230	1257	1259	1326	1225	1237	1251	1256	1320	1159	1268
1237	1262	1263	1330	1230	1243	1304	1286	1331	1188	1283
1256	1283	1296	1332	1240	1245	1327	1303	1332	1194	1303
1259	1286	1298	1353	1263	1259	1329	1313	1333	1207	1327
1293	1296	1330	1356	1295	1265	1333	1354	1348	1228	1337
1336	1313	1333	1356	1309	1325	1349	1355	1351	1238	1376
1339	1323	1338	1372	1323	1327	1358	1356	1356	1245	1377
1359	1353	1344	1374	1330	1333	1382	1357	1376	1264	1426
1370	1355	1351	1392	1343	1365	1391	1386	1410	1267	1442
1371	1362	1370	1411	1363	1378	1394	1386	1434	1281	1461
1376	1366	1382	1433	1387	1407	1437	1397	1442	1291	1477
1420	1367	1389	1434	1409	1426	1474	1403	1447	1303	1482
1465	1442	1411	1440	1439	1429	1486	1436	1459	1376	1482
1466	1454	1434	1449	1447	1459	1498	1437	1474	1400	1493
1541	1518	1441	1451	1467	1491	1506	1528	1505	1467	1521
1579	1565	1470	1496	1565	1546	1596	1593	1524	1526	1537
1599	1614	1485	1499	1569	1560	1651	1637	1565	1550	1631
1641	1665	1694	1544	1574	1562	1779	1756	1654	1628	1632
18.36	18.36	19.48	19.44	17.24	18.96	18.28	18.56	18.08	17.52	17.96
18.96	18.16	18.36	18.52	18.6	19.12	18.32	19.44	20.12	18.24	18.48
18.68	18.28	18.52	19.52	17.68	19.16	18.84	19.2	18.52	17.88	18.52
18.2	19.32	18.88	19.76	17.84	18.96	18.24	18.44	19.72	19.32	18.04
18.64	18.8	17.64	19.6	18.64	18.76	19.12	19.76	18.64	18.48	18.32
18	18.76	19.48	20.04	18.72	20.2	18.88	18.56	18.92	17.12	19.68
18.84	19.32	18.96	18.68	19.04	18.6	20.04	19.4	18.56	18.12	18.68
18.76	19.2	19.08	19.52	18.2	18.72	18.12	19.24	18.76	18.44	19.04
19.96	18.92	19.32	18.92	16.52	17.92	18.96	19.72	18.4	19.28	19.04
17.76	18.36	18.92	19.04	18.72	17.64	18.64	18.6	19.12	19.12	19.92
19	18.72	18.48	19.56	18.64	18.64	19.48	18.52	18.56	18.88	18.8
19.12	19.88	18.6	18.04	18.6	17.96	17.88	19.44	17.32	18.6	20.24
19.48	19.24	18.2	18.96	19.32	18.44	19	19.24	18.8	19.32	18.6
19.24	19.24	19.04	19.36	17.48	19.56	18.36	19.96	18.6	18	19.64
20.08	19.8	18.84	19.48	17.96	19.24	19.4	19.44	19.12	19	19.6
18.12	18.76	19.28	19.04	17.8	18.88	18.96	19.16	19.16	18.04	20
18.84	19	19.2	19.12	19.36	19.36	18.8	19.04	19.56	19.48	19.84
19.04	19.56	18.52	19.4	18.76	18.84	19.36	19.08	19.08	19.68	19.48
19.8	19.08	19.44	18.96	19.12	19.44	18.88	19.96	18.88	19.08	19.12
18.92	18.44	19.2	19	19.32	19.4	17.76	18.64	18.84	18.52	19.08
18.04	19.2	18.88	19.56	18.4	18.08	18.12	18.8	18.36	18.52	19.36
18.36	19.84	19.28	19.88	19.2	19.24	19.4	19.4	19.24	19.76	19.44
19.96	19.8	20.4	19.28	19.04	19.12	19.04	19.4	19.36	19.2	20.08
20.52	19.12	19.44	19.44	19.68	19.04	19.92	19.88	19.48	18.8	19.04
20.08	19.24	20.72	18.76	19.08	20.72	20.2	20.04	19.8	19.32	19.48
0	previous	instance:	data/A-n33-k5.vrp							
1489	1477	1464	1665	1679	1443	1528	1569	1591	1621	1570
1573	1573	1576	1746	1727	1591	1632	1603	1613	1640	1665
1774	1638	1592	1748	1782	1653	1677	1703	1621	1687	1712
1781	1671	1669	1750	1833	1680	1689	1714	1635	1694	1733
1781	1699	1720	1784	1864	1715	1820	1721	1642	1720	1786
1796	1714	1722	1802	1918	1754	1835	1728	1718	1741	1835
1849	1748	1745	1816	1944	1796	1838	1809	1765	1831	1869
1853	1765	1777	1882	1955	1912	1881	1817	1771	1839	1884
1872	1768	1779	1897	1963	1913	1892	1880	1786	1840	1897
1874	1808	1781	1912	1992	1917	1928	1885	1865	1889	1900
1877	1810	1799	1929	1998	1928	1947	1888	1893	1890	1902
1885	1842	1827	1930	2001	1954	1972	1906	1910	1898	1909
1896	1860	1829	1945	2009	1974	2001	1946	1937	1907	1931
1922	1915	1852	1948	2015	1996	2021	2061	1989	1923	1936
1942	1925	1868	1984	2021	2041	2021	2073	1999	1947	1941
1960	1928	1898	1993	2023	2044	2024	2077	2001	2007	1965
2058	1958	1906	1998	2040	2044	2053	2077	2015	2009	1983
2065	1974	1920	2053	2085	2077	2055	2132	2028	2010	1993
2083	1997	2022	2061	2097	2091	2076	2147	2036	2017	2042
2107	2005	2025	2086	2132	2115	2089	2153	2051	2023	2088
2115	2013	2034	2094	2154	2116	2175	2165	2064	2032	2104
2142	2082	2062	2180	2180	2145	2178	2169	2076	2056	2135
2159	2138	2073	2224	2184	2145	2251	2241	2113	2057	2150
2207	2140	2137	2241	2339	2165	2269	2259	2176	2159	2185
2215	2274	2272	2368	2419	2176	2310	2264	2450	2161	2380
28.4	27.68	28.76	28.96	28.48	28.28	27.68	27.32	27.88	27.84	30.04
28.84	28.68	28.4	29.16	29.16	27.4	29.12	28.28	27.68	28.12	28.72
28.72	28.52	27.92	29.36	29.72	28.96	28.12	28.92	28.12	28.56	28.16
28.4	28.12	28.08	28.72	27.88	28.68	29.8	27.88	28.32	28.84	29.72
28.24	27.84	29.32	29.36	29.56	28.4	28.6	28.36	28.88	29.6	28.68
28.48	28.72	28.2	29.16	28.92	29.4	29.8	28	28.12	27.52	28.32
28.68	28.64	29.12	29.52	27.8	28.88	28.96	28	27.68	29.56	29.12
28.52	29.36	29.28	29.4	29	29.4	29.4	27.2	28	30.16	29.44
28.96	28.16	28.04	29.76	28.68	29.2	28.64	28.2	27.16	28.48	29
29.32	28.12	28.2	29.64	28.6	29.4	29.12	27.96	28.04	30.08	30.2
29.6	29.6	29.64	29.04	29.28	29.52	28.44	28.36	29.28	28.12	29.36
29.56	28.96	28.44	29.04	29.16	29.12	29.08	28.84	29	28.52	28.88
29.72	29.36	29.28	29.64	29.56	28.72	27.72	28.88	29.32	28.56	28.96
28.96	28.6	29.12	28.36	28.36	28.68	29.64	28.8	29.56	28.24	28.96
28.8	29.56	29.68	29.16	29.44	28.68	28.12	29.16	29.12	28.76	29.8
28.44	28.72	28.96	30.88	28.2	28.92	29.8	28.84	29.12	29.68	28.72
28.24	28.56	28.36	28.68	29.52	29.88	29.44	27.72	28.56	28.8	29.08
28.96	29.04	27.56	28.52	29.68	28.2	29.8	29.2	28.2	29.88	28.56
28.8	29.12	29.76	30.16	29	28.44	30.8	29.32	29.6	29.28	27.8
30.4	28.68	29.4	29.84	29.52	29.96	28.24	29.32	29.08	29.32	28.84
29.04	28.76	29.12	29.64	29.16	29.84	29.16	29.48	29.04	29.8	29.6
28.68	29.6	29.64	28.88	28.36	29.08	29.88	29.32	29.6	29.28	29.12
29.48	28.84	29.28	29.4	28.72	29.92	28.72	29.88	28.76	28.88	29.84
29.92	29.04	29.24	29.4	28.76	29.12	29.32	29.68	29	29.36	29.04
29.48	29.16	28.44	28.96	29.56	29.68	30.32	29.68	29.64	28.88	30
1	previous	instance:	data/A-n46-k7.vrp							
2306	2231	2219	2354	2065	2273	2246	2352	2237	2154	2229
2394	2336	2286	2389	2326	2275	2318	2378	2300	2159	2238
2541	2404	2389	2473	2355	2359	2329	2396	2350	2218	2384
2585	2433	2460	2477	2390	2440	2426	2430	2397	2326	2412
2586	2462	2497	2517	2442	2459	2448	2462	2406	2343	2417
2607	2503	2513	2517	2565	2478	2504	2478	2423	2437	2438
2618	2525	2525	2547	2606	2513	2505	2487	2500	2449	2504
2636	2554	2528	2550	2623	2567	2532	2545	2522	2451	2521
2643	2562	2555	2575	2627	2578	2600	2585	2531	2567	2551
2674	2566	2614	2576	2659	2594	2603	2646	2582	2615	2563
2680	2569	2637	2588	2660	2605	2630	2685	2586	2667	2574
2696	2576	2697	2616	2662	2607	2653	2689	2595	2667	2604
2707	2576	2709	2626	2671	2645	2674	2709	2602	2696	2614
2709	2597	2709	2658	2690	2651	2696	2734	2624	2704	2659
2757	2615	2715	2692	2713	2731	2719	2746	2653	2720	2669
2764	2663	2805	2726	2723	2757	2720	2756	2680	2727	2673
2800	2677	2806	2756	2784	2767	2760	2784	2682	2727	2678
2806	2741	2807	2788	2835	2786	2768	2808	2702	2730	2688
2817	2755	2822	2796	2902	2795	2809	2815	2726	2732	2710
2819	2771	2825	2813	2902	2847	2875	2871	2750	2755	2734
2888	2831	2829	2826	2916	2885	2911	2881	2795	2778	2825
2910	2857	2862	2844	2934	2887	2968	2887	2873	2786	2839
2955	2906	2877	2865	2937	2916	2993	2930	2943	2822	2867
3002	2967	2919	3024	3022	2920	3160	2970	2994	3025	2907
3072	3132	2993	3046	3103	2946	3171	3034	2996	3189	3046
39.2	37.68	38.28	39.16	38.52	39.12	36.72	38.84	39.44	39.56	36.16
39.2	37.84	38	38.4	38.56	37.76	38.28	39.28	37.08	37.28	36.76
39.24	39.52	38.2	39.6	38.12	39.48	38.96	39.84	38.68	38	39.96
38.52	38.24	37.84	39	39.56	39.84	38.08	38.64	38.08	39.24	38.44
40.52	38.64	38.04	38.2	37.96	38.16	39.24	38.24	38.36	39.12	38.36
39.08	37.56	39.44	39.16	40.32	39.96	38.56	38.68	37.92	39.88	38.44
39.12	39.44	37.96	38.24	38.64	39.12	38.88	38.8	38.16	39.2	38
38.76	38.24	38.92	37.4	38.56	39.48	39.2	38.72	39.72	38.44	38.96
39.6	40.4	38.6	37.64	39.64	39.16	38.68	39.36	38.16	39.48	38.6
40.12	37.28	37.84	38.92	38.96	39.88	40	38.2	39.48	39.6	38.28
39.24	39.28	38.88	40.28	39.2	39.24	39.64	38.76	38.92	37.84	38.04
39.36	38.92	40	38.72	38.64	37.68	40.2	39.36	39.48	39.28	38.52
39.36	37.44	40.24	38.64	39.4	39.12	38.44	39.36	39.4	40.36	38.08
39.88	39.08	38.68	38.64	39.68	38.84	39.04	39.2	38.44	38.56	37.96
39.96	39.64	40.92	38.96	39.4	40.12	38.48	39.4	39.84	38.16	38.76
38.88	39.4	39.56	39.28	39.32	39.08	38.6	37.44	39.52	40.6	39.36
41.04	39.08	39.44	39.96	39.96	40.16	38.08	40.24	38.24	38.64	38.48
39.32	39.92	38.44	39.44	39	39.36	39.2	38.92	39.48	39.08	39.52
39.8	39.96	39.84	39.36	39.56	40.52	40.2	39.96	39.24	39.4	38.88
40.08	38.28	39.52	40.2	37.8	40.24	38.92	38.72	39.4	38.32	38.2
39.88	39.28	38.44	39.04	40.12	40.12	39.08	40.16	39.28	40.2	37.8
39.96	39.16	39.76	39.64	39.68	40.4	39.64	39.32	39.8	39.92	39.72
40.56	40.28	39.6	38.64	39.64	39.2	40.2	40.2	38.8	38.72	38.88
40.32	39.16	40.28	40.04	40	39.08	39.64	38.36	39.44	40.04	39.04
40.4	39.16	40.6	39.24	39.68	40.36	39.04	40.68	39.48	40.08	40.08
2	previous	instance:	data/A-n60-k9.vrp							
1422	1291	1429	1170	1540	1454	1472	1573	1323	1272	1326
1530	1502	1484	1349	1566	1546	1705	1575	1409	1383	1447
1606	1593	1618	1371	1587	1599	1714	1593	1430	1425	1471
1612	1645	1637	1466	1592	1622	1727	1608	1460	1426	1486
1624	1663	1662	1479	1619	1631	1738	1621	1521	1462	1558
1682	1664	1715	1499	1627	1649	1765	1635	1566	1472	1616
1682	1676	1740	1510	1642	1705	1778	1640	1661	1598	1652
1708	1688	1759	1527	1647	1715	1784	1643	1724	1611	1721
1770	1729	1789	1549	1657	1747	1800	1647	1725	1679	1768
1778	1730	1801	1656	1710	1757	1805	1722	1818	1689	1770
1785	1738	1803	1683	1711	1861	1835	1757	1837	1695	1790
1831	1745	1805	1696	1751	1882	1864	1769	1858	1705	1843
1832	1761	1813	1757	1762	1888	1867	1819	1859	1719	1920
1859	1762	1841	1775	1797	1904	1906	1850	1898	1725	1943
1868	1790	1850	1855	1826	1907	1912	1851	2004	1744	1948
1886	1890	1889	1855	1828	1929	1994	1868	2021	1793	1948
1894	1894	1925	1861	1892	1966	2000	1869	2035	1794	1968
1958	1945	1927	1908	1954	2004	2003	1898	2068	1800	1969
1969	1988	1928	1935	2057	2031	2026	1981	2074	1805	1998
1979	2015	1953	1944	2089	2034	2076	1992	2093	1816	2006
1991	2022	1968	1977	2114	2041	2077	2053	2187	1839	2033
2049	2094	2042	1978	2151	2055	2141	2124	2218	1842	2037
2050	2166	2056	2034	2178	2093	2212	2297	2219	1908	2045
2052	2312	2080	2058	2215	2102	2229	2493	2228	1976	2238
2426	2575	2094	2111	2259	2398	2279	2612	2337	2009	2279
19.44	20.16	21	19.28	20.08	20.2	20.16	20.96	19.24	19.68	19.64
19.88	20.52	20.64	18.16	20.84	21.28	20.12	20.96	20.64	18	19.92
20.08	20	20.28	19.56	20.8	20.48	19.44	20.36	20.44	19.2	19.6
19.72	19.68	18.88	20	20.64	20.76	20.88	20.44	19.96	19.24	19.72
20.2	20.16	20.48	18.36	20.88	20.28	20	19.76	20.04	19.8	19.92
20.52	19.68	20.52	19.8	19.24	20.12	21.24	20.64	19.96	18.04	21.12
20.88	20.12	20.88	20.12	19.84	20.56	20.12	19.84	20.96	20.04	20
21.36	20.2	20.04	19.2	20.2	20.12	20.24	20.64	20.16	20.32	19.4
20.52	21.24	20.64	19.88	21.04	20.96	20.4	20.6	19.56	19.4	20.48
20.16	19.8	20.64	19.28	20.64	21.64	20.52	21.04	20.52	20.12	20.32
20.6	21.08	20.84	19.72	20.56	19.96	20.12	20.48	20.68	19.44	20.64
19.76	20.6	20.24	20.48	19.72	21.68	20.16	20.64	19.96	18.68	19.52
20.16	19.28	19.76	19.76	20.76	21.44	20.92	20.88	20.28	20.32	20.76
20.44	20.12	20.56	20.56	21.08	20.36	19.72	21.24	19.84	20.16	20.44
19.76	20.96	19.84	21.08	20.28	21.36	20.24	20.72	20.2	20.12	21
21.36	20.84	19.92	20.96	20.68	20.88	20.28	20.72	20.48	19.88	20.72
20.48	20.8	21.32	20.28	20.2	20.16	21.32	20.8	20.96	19.92	20.48
20.24	20.36	21	19.52	20.16	21.24	20.36	21.2	18.96	19.28	20.4
21.04	20.36	21.08	20	21.24	19.96	20.16	20.8	21.08	19.84	19.92
19	20.56	19.84	19.8	20.44	21.64	19.64	21.56	20.28	19.72	20.56
20.16	20.28	20.2	19.8	20.88	20.68	21.2	21.28	21.6	20.4	19.16
20.2	20.4	21.32	21.76	20.52	20.36	20.44	20.68	20.44	20.56	20.28
21.08	21.72	19.88	20.96	21	20.64	21.52	20.6	20.28	20.8	21.08
20.32	21.16	19.88	19.8	20.96	19.76	21.4	21.28	20.44	21.24	20.48
21.36	20.28	20.88	21.08	21	21.48	19.84	21.12	21.44	19.96	20.8
3	previous	instance:	data/B-n35-k5.vrp							
1305	1315	1330	1499	1364	1443	1398	1306	1234	1281	1341
1480	1350	1340	1553	1375	1506	1430	1403	1313	1447	1355
1505	1375	1356	1554	1406	1521	1433	1418	1401	1453	1389
1512	1450	1417	1559	1494	1529	1452	1443	1491	1509	1405
1527	1504	1423	1567	1544	1561	1501	1472	1555	1512	1428
1531	1511	1471	1637	1555	1625	1612	1493	1576	1536	1443
1535	1542	1530	1640	1608	1665	1639	1503	1605	1536	1458
1548	1559	1557	1641	1656	1672	1658	1509	1627	1615	1469
1580	1582	1570	1645	1663	1673	1698	1549	1633	1615	1479
1582	1583	1605	1686	1679	1695	1698	1559	1633	1625	1489
1595	1599	1669	1725	1696	1700	1709	1585	1645	1644	1499
1617	1631	1687	1737	1697	1726	1717	1591	1680	1684	1512
1673	1636	1690	1766	1732	1752	1720	1655	1684	1732	1529
1681	1647	1704	1777	1737	1755	1726	1669	1699	1749	1571
1682	1649	1709	1804	1747	1815	1769	1708	1704	1763	1594
1709	1682	1768	1843	1757	1828	1777	1709	1706	1781	1605
1749	1683	1774	1881	1768	1840	1778	1740	1714	1783	1609
1767	1686	1830	1951	1796	1899	1821	1788	1738	1819	1639
1793	1693	1869	1991	1801	1917	1839	1790	1744	1820	1640
1803	1713	1906	1998	1817	1920	1845	1812	1780	1841	1641
1809	1735	1999	2032	1840	1946	1854	1837	1839	1846	1667
1838	1750	2054	2052	1855	1972	1869	1882	1922	1907	1728
1961	1864	2077	2053	1930	2037	1897	1884	1931	1923	1837
2033	1913	2087	2070	1977	2044	1926	1892	1954	1953	2017
2110	2069	2236	2137	2328	2104	1985	2157	2014	2181	2118
27.04	26.68	26.08	26.64	28.2	26.48	27.72	25.68	25.44	26.32	26.6
26.36	26.4	27.04	26.52	27.08	27.2	26.56	26.64	26.24	26.92	26.04
26.96	26.96	27.64	27.4	27.16	28.2	27.72	26.68	26.16	26.96	26.76
27.72	26.8	27.08	27.28	27.56	27.04	26.44	25.68	27.48	27.4	26.8
26.44	26.48	26.24	26.6	26.32	27.28	26.52	27.2	27.12	27	26.68
28.36	28.16	26.88	27.96	27.56	28.28	27.6	27.28	26.4	27.96	26.48
27.32	27.32	27.64	27.52	28.4	27.68	27.64	27.08	27.08	27.16	27.64
26.92	26.52	27.12	26.48	27.68	27.84	28.04	26.44	26.88	27.08	26.12
27.36	27.76	26.56	27.12	27.32	26.68	26.8	27.04	27.8	28.56	25.8
26.76	26.56	26.88	27.44	28.16	27.92	27.6	26.76	26.36	26.6	27.2
26.36	27.76	27.92	27.56	27.28	28.04	26.68	26.84	26.56	27.44	27.16
27.44	27.56	27.56	27.48	27.24	26.88	26.28	26.68	26.64	27.4	26.56
27.2	26.64	28.04	26.88	27.92	27.84	25.88	27.12	27.48	27.36	26.2
27.12	27.96	26.8	27.28	27.64	27.2	27.72	27.12	28.16	27.52	26.92
27.88	28.04	27.24	28.32	27.6	27.48	27.6	27.08	27.48	28.32	26.96
27.04	27.96	27.12	27.64	28.36	27.72	27.48	27.4	27.4	27.8	26.12
27.04	27.8	26.2	28.24	27.68	27.96	26.76	26.72	26.68	27.88	27.12
26.52	27.2	26.52	26.96	27.24	28.08	26.96	27.4	27.12	27.8	27.56
27.16	27.6	27.8	27.48	27.76	26.88	27.4	26.6	26.32	27.24	26.76
26.72	27.68	27.4	28.32	27.36	27.92	27.2	26.76	27.16	26.48	26.76
26.92	26.52	27.88	27.24	26.96	26.84	27.52	26.88	26.88	27.6	26.8
27	28.32	28.2	27.52	27.92	28.12	26.84	27.08	27.96	28.08	27.24
28.04	27.48	27.52	27.64	27.96	28.92	27.4	26.8	28.48	27.76	29
27.32	28.52	27.64	27.64	28.2	28.92	27.92	27.36	27.48	26.92	27.84
27.96	27.92	28.6	28.24	28.24	27.84	27.96	27.88	27.88	28.12	27.84
4	previous	instance:	data/B-n45-k5.vrp							
2153	2256	2136	2307	2346	2323	2155	2489	2192	2237	2458
2345	2309	2202	2388	2416	2392	2239	2516	2297	2441	2464
2378	2454	2332	2439	2488	2450	2293	2594	2390	2463	2484
2401	2463	2419	2487	2489	2456	2444	2613	2454	2550	2500
2441	2473	2433	2572	2499	2471	2478	2638	2503	2567	2581
2467	2509	2450	2613	2516	2480	2504	2644	2525	2593	2590
2476	2554	2508	2616	2522	2485	2522	2654	2537	2602	2616
2504	2566	2561	2663	2546	2520	2542	2664	2623	2617	2628
2509	2638	2561	2675	2548	2643	2593	2670	2642	2633	2649
2580	2649	2572	2697	2553	2675	2645	2735	2659	2643	2662
2595	2666	2597	2745	2570	2721	2656	2747	2741	2672	2732
2653	2730	2669	2779	2576	2722	2658	2754	2774	2701	2759
2734	2737	2732	2808	2599	2727	2712	2761	2811	2743	2808
2748	2743	2757	2822	2605	2785	2717	2780	2816	2769	2833
2753	2780	2768	2832	2643	2787	2737	2809	2819	2771	2845
2763	2797	2792	2838	2686	2813	2740	2811	2856	2788	2861
2800	2804	2805	2844	2705	2818	2756	2819	2875	2845	2908
2856	2807	2831	2867	2725	2828	2762	2823	2952	2957	2951
2860	2858	2857	2888	2799	2857	2790	2825	3005	2962	2958
2869	2866	2875	2898	2811	2927	2883	2842	3031	3006	2968
2893	2908	2884	2947	2865	2941	2905	2944	3045	3081	2978
2909	2966	2903	2989	2890	2979	2922	3031	3144	3082	2999
2939	3046	2942	3105	2939	3048	2996	3041	3164	3085	3005
2952	3119	2950	3385	3017	3058	3254	3071	3215	3180	3023
3321	3336	3096	3402	3114	3238	3307	3088	3269	3205	3162
44.2	44.52	45.56	45.16	45.6	44.32	43.92	44.12	43.96	45.2	45.44
45	44.16	43.52	45.6	45.72	44.4	44.6	44.4	42.8	45.24	46.12
43.76	44.52	44.48	44.16	45.04	45.48	45	43.28	44.52	43.76	45.12
45.16	44.32	44.64	44.64	43.76	43.92	44.68	44.48	45.2	45.56	45.48
44.88	44.88	44.2	44.48	45.28	44.32	43.48	43.84	44.08	44.64	45.04
45.36	45.16	45.2	46.32	45.36	45.32	44.36	44.88	45.04	45.04	45.16
44.76	44.6	45.48	44.88	45.52	44.56	45	45.24	45.6	46.16	44.92
46.08	46.52	44.48	45.72	45.84	45.56	45.6	45.64	44.92	45.92	45.76
43.6	43.36	44.76	45.88	45.2	44.96	44.64	45.56	44.6	45.52	45.4
44.8	44.44	45.84	45.36	46.28	45.08	45.92	44.84	45.04	45.12	46
45.48	45.36	45.24	46.04	45.28	44.16	45.44	44.88	44.64	45.72	45.28
44.24	44.72	45.56	44.88	44.96	43.84	45.52	45.24	44.28	44.4	44.64
46.16	45.88	45	44.84	45.36	45.44	45.52	45.24	45.16	45.52	46.8
46.64	45.68	45.6	45.16	44.76	44.56	45.6	46.48	45.8	45.52	45.24
44.24	46.76	46.24	45.24	44.08	45.56	46.2	45.76	46.72	44.64	45.2
45.96	44.76	45.28	45.56	44.8	45.96	44.88	44.2	44.88	45.36	45.76
44.56	46.68	45.04	46.32	45.76	45.88	44.88	45.2	45.24	45.72	45.2
44.52	45.72	46.32	44.68	45.28	46.12	46.2	45.4	45	45.76	46.12
45.6	46.2	45.88	46.36	44.88	45.92	45.28	45.64	44.76	46.92	46.88
44.52	45.96	44.44	45.24	44.88	45.56	45.4	44.6	46.24	45.4	46.32
44.88	45.56	44.72	45.28	45.56	45.92	45.76	45.84	46.84	45.92	46.44
44.08	45.16	44.64	46.32	46.84	45.44	46.8	44.88	45.44	46.16	46.56
45.8	45.76	45.28	45.44	46.16	44.8	45.52	45.88	46.12	46.6	47.08
44.44	46.16	46.36	46.48	46.28	45.56	46	44.56	46.4	46.36	47.12
44.64	46.32	44.76	46.48	46.48	46.56	45.36	45.16	45.88	46	45.56
5	previous	instance:	data/B-n68-k9.vrp							
2456	2607	2333	2312	2404	2357	2208	2471	2182	2476	2540
2523	2736	2343	2585	2414	2374	2431	2591	2373	2554	2608
2653	2764	2497	2651	2491	2649	2469	2618	2417	2566	2638
2684	2787	2526	2672	2529	2704	2523	2681	2566	2616	2688
2734	2850	2590	2762	2588	2779	2531	2818	2570	2626	2731
2743	2852	2598	2763	2618	2809	2547	2825	2717	2655	2738
2830	2878	2619	2787	2632	2816	2622	2857	2753	2708	2805
2838	2916	2710	2806	2662	2846	2629	2857	2820	2744	2809
2851	2917	2755	2856	2723	2853	2683	2886	2834	2759	2811
2909	2918	2774	2882	2796	2860	2775	2930	2851	2765	2814
2924	2961	2779	2896	2854	2920	2792	2949	2861	2829	2848
2975	3003	2801	2913	2881	2937	2797	2951	2884	2840	2848
3047	3011	2892	2916	2884	2947	2806	2980	2887	2841	2883
3077	3044	2906	2949	2898	2958	2881	2985	2887	2894	2896
3108	3049	2941	2958	2907	2989	2888	3043	2887	2894	2921
3110	3071	2945	2985	2918	2999	2906	3115	2962	3083	3019
3112	3085	2999	2989	2923	3048	2929	3119	2974	3092	3036
3131	3086	3001	3028	2945	3056	2952	3128	3005	3192	3045
3156	3141	3009	3036	2969	3095	3058	3146	3009	3194	3104
3183	3148	3048	3060	2975	3167	3068	3156	3112	3259	3116
3184	3164	3053	3139	3040	3192	3159	3158	3276	3314	3150
3186	3184	3081	3146	3052	3230	3186	3196	3359	3387	3165
3250	3265	3181	3268	3086	3316	3224	3233	3380	3389	3175
3255	3267	3237	3280	3281	3320	3397	3248	3527	3436	3304
3531	3435	3289	3417	3533	3420	3447	3296	3635	3450	3458
54.08	53.08	50.28	51.8	52.4	52.24	51.68	52.64	51.8	52.48	52
52.32	53.76	53.32	52.64	52.12	52.72	52.2	50.6	52.64	51.8	52.6
51.8	53.68	53.04	52	53.08	52.08	51.8	52.64	52.84	53.56	52.64
53.76	54.2	53	52.44	52.2	52.44	52.4	52.96	51.96	53.92	53.84
52.84	53.8	52.16	53.2	52.6	52.4	52.96	52.76	52.16	53.96	54.32
53.04	52.76	53.28	51.48	52.64	53.72	51.24	53.24	53.52	52.72	52.92
52.24	52.4	52.16	53.32	51.44	53.56	52.6	53.4	52.32	53.88	51.92
52.88	51.84	51.84	54.32	53.04	52.36	52.04	53.68	52.56	52.44	53.08
53.8	53.76	54.72	52.44	52.8	51.8	50.44	50.96	53.48	53.52	51.92
52.12	53.72	53.44	53.36	52	52.76	54.48	52.4	53.16	54.24	52.92
54.08	53.96	52.2	54.2	53.12	51.52	52.84	54.08	52.12	52.04	53.2
53.28	54.28	53.52	51.88	53.48	52.6	52.6	52.88	53.48	53.08	52.56
52.6	53.32	53.04	53.28	52.56	53.16	50.96	54.64	52.68	53.72	51.8
53.12	51.76	52.56	53.08	52.92	54.16	51.8	53.28	52.36	52.6	52.2
53.4	52.36	52.76	53.08	52.24	53.36	52.12	53.48	54.08	52.96	53.72
53.12	53.36	51.84	54.04	53.36	53.16	51.84	53.24	52.68	53.24	52.56
53.84	53.56	53.04	52.88	54.04	53.16	52.24	52.8	52.6	55	53.6
53.84	54.2	53.88	54.04	54.32	51.6	52.08	54.16	51.92	53.04	54.12
53.12	54.64	53.36	53.28	53.24	52.92	53.68	53.64	54.52	53.28	53.84
52.72	53.32	53.4	54.2	53.56	53.08	52.88	53.52	53.12	54.64	52.76
53.6	53.84	53.64	53.96	53	53.36	53.52	53	53.68	53.64	55.08
52.8	53.4	54.08	54.16	52.2	53.72	53.04	52.8	53.48	55.72	54.36
53.88	54.32	53.52	53.16	53.32	52.52	51.96	53.52	54.04	52.96	52.32
54.72	53.36	53.52	53.84	53.88	53.72	55.04	53.32	54.36	54.84	54.12
53.04	54.6	54.84	54.04	53.4	53.96	52.88	53.4	54.48	53.32	54.84
6	previous	instance:	data/B-n78-k10.vrp							
806	820	790	872	864	915	910	983	866	932	763
902	902	810	890	865	983	956	986	871	935	946
935	968	926	915	992	1012	972	1015	1014	960	965
1009	999	950	951	1027	1025	1006	1017	1028	976	1022
1013	1019	982	973	1039	1048	1017	1029	1088	995	1038
1074	1021	1002	983	1086	1048	1020	1054	1096	1027	1048
1076	1029	1007	1002	1108	1056	1025	1086	1113	1034	1078
1083	1055	1084	1032	1113	1082	1032	1120	1138	1047	1106
1091	1068	1085	1069	1119	1085	1081	1122	1149	1059	1111
1104	1086	1088	1070	1124	1115	1088	1154	1152	1061	1116
1110	1132	1138	1120	1130	1129	1101	1169	1156	1087	1123
1119	1141	1189	1130	1143	1131	1103	1173	1171	1117	1134
1131	1169	1192	1154	1161	1150	1118	1176	1192	1162	1152
1146	1178	1204	1157	1188	1164	1119	1185	1200	1212	1161
1157	1234	1218	1195	1188	1175	1125	1191	1204	1213	1191
1178	1280	1224	1204	1255	1217	1130	1200	1235	1217	1220
1193	1304	1225	1228	1257	1229	1153	1251	1250	1246	1225
1226	1338	1229	1247	1281	1268	1202	1276	1270	1256	1229
1230	1348	1236	1257	1293	1278	1215	1300	1297	1256	1233
1304	1363	1276	1263	1297	1283	1247	1346	1311	1283	1242
1313	1389	1322	1274	1307	1348	1279	1389	1331	1295	1272
1333	1392	1350	1280	1408	1352	1345	1405	1335	1319	1285
1368	1392	1370	1280	1470	1353	1474	1407	1346	1453	1297
1385	1414	1395	1295	1470	1360	1478	1467	1388	1477	1474
1386	1609	1400	1303	1522	1368	1495	1491	1412	1578	1474
15.56	14.52	16	13.92	16.44	13.08	16.24	14.4	14.96	17.52	15.24
14.4	14	15.04	14.76	15.2	17	14.72	13.84	15	15.48	14.76
14.72	15.72	16.24	15.76	15.84	16.52	13.96	17.12	16.4	16.84	16.44
15.6	15.24	15.32	13.48	15.24	14.56	16.4	14.68	16.4	15	15.36
16.48	15.04	15.44	15.32	14.24	14.32	14.64	14.92	14.88	16.08	17.32
15.28	15.6	16.04	14.52	14.52	14.12	14.92	15.48	15.4	14.92	14
16.88	16.2	14.96	16.04	14.36	14.56	16.92	15.2	15.72	15	15.52
14.64	14.24	15.04	16.12	15.76	15.84	13.72	15.2	14.68	14.24	14.76
15.36	14.76	14.56	15.88	14.68	16.28	13.4	15.6	15	15.12	16.24
15.6	16.84	14.52	14.12	16.64	14.08	15.6	15.4	15.2	14.28	14.24
16.2	14.92	13.88	15.84	14.44	16.36	14.2	14.48	15.96	17.6	14.12
14.76	16.2	15.16	15.2	16.8	18.24	14.8	17.28	16.48	14.32	16.52
14.92	16.44	15.84	15.16	13.64	13.72	15.96	15.36	14.64	15.72	15.48
17.48	14.56	16.04	15	17.2	13.96	14.92	14.64	17.68	14.8	16.32
14.12	15.44	15.88	15.76	17.12	15.36	14.64	14.2	15.2	14.84	15.76
13.96	15.56	14.84	17.32	15.12	15.44	14.6	16.28	16.64	15.24	14.4
14.84	15.76	14.48	13.56	15.52	14.36	14.12	17.52	16	16.04	16.6
16.6	15.72	13.84	14.2	15.08	15.16	13.92	14.28	14.68	15.32	15.2
15.08	15.44	14.44	15.68	14.76	15.2	15.4	15.44	14.68	14.56	15.76
15.56	15	14.8	14.84	14.76	14.84	16.48	15.68	15	14.6	16.2
15	15.68	14.68	14.6	16.52	15.6	14.44	14.72	15.44	14.44	15.84
14.88	17.8	17	14.56	15.56	14.28	18.16	16.76	14.76	16.12	15.16
16.48	15.36	16.8	16.76	15.4	15.4	15	13.48	16.16	18.24	17.52
16.6	14.28	15.72	14.04	15.64	15.88	14.2	14.64	16.64	17.88	14.6
14.2	15.64	14.68	18.12	15.8	15.72	17.36	15.56	15.2	14.48	15.92
7	previous	instance:	data/E-n30-k3.vrp							
935	1050	1101	1017	1018	985	1001	1074	1083	1039	941
1034	1056	1113	1040	1092	1085	1028	1104	1120	1039	1084
1077	1082	1162	1130	1093	1110	1049	1123	1132	1093	1107
1111	1147	1169	1134	1112	1122	1051	1131	1162	1098	1122
1112	1147	1195	1143	1121	1125	1084	1146	1164	1132	1138
1123	1188	1216	1181	1125	1128	1151	1153	1169	1136	1143
1149	1190	1224	1192	1143	1149	1161	1157	1181	1153	1156
1154	1206	1226	1192	1171	1156	1161	1160	1185	1159	1162
1156	1211	1236	1201	1172	1164	1169	1180	1199	1166	1172
1159	1218	1237	1217	1185	1164	1172	1185	1207	1192	1173
1193	1225	1243	1242	1201	1165	1184	1224	1208	1195	1173
1193	1231	1249	1245	1223	1194	1189	1226	1236	1195	1176
1201	1236	1255	1247	1228	1200	1205	1228	1249	1202	1192
1201	1240	1277	1254	1229	1209	1213	1230	1250	1221	1203
1220	1254	1281	1276	1231	1229	1239	1244	1252	1245	1208
1229	1263	1296	1327	1233	1232	1250	1250	1256	1253	1236
1232	1295	1337	1327	1240	1244	1251	1257	1270	1255	1262
1244	1312	1342	1338	1242	1256	1256	1272	1306	1268	1267
1245	1312	1362	1340	1263	1268	1256	1302	1314	1270	1313
1254	1351	1371	1347	1274	1309	1277	1346	1328	1287	1320
1267	1391	1383	1364	1280	1331	1321	1360	1335	1294	1349
1292	1393	1386	1364	1308	1333	1355	1371	1360	1369	1356
1312	1396	1390	1382	1317	1352	1406	1377	1378	1381	1357
1424	1396	1495	1478	1321	1359	1428	1383	1382	1444	1372
1530	1401	1585	1529	1425	1475	1478	1413	1525	1463	1383
31.52	31.56	31.36	30.68	32.04	30.2	31.8	30.24	31.32	31	30.32
31.2	31.44	31.68	31.68	31.08	32.04	31.8	31.08	32.64	32	31.36
31.52	30.84	32.32	31.6	30.72	30.8	31.72	31.84	30.96	30.88	32.12
30.8	31.4	32	30.52	30.68	30.28	31.64	30.08	30.68	31.6	31.12
31.72	31.24	31.84	30.44	32.08	30.24	31.48	31.52	31.48	31.08	30.76
31.16	31.48	31.32	31.16	31.08	30.64	31.56	32.6	30.24	30.88	30.8
31.6	31.32	32.08	31.92	32.2	31.72	31.96	31.8	31.44	31.72	31.44
31.28	30.88	30.76	30.96	31.68	30.28	32	31.32	31.64	30.36	31.68
30.88	31.6	31.56	31.76	32.2	30.44	30.96	31.76	31.64	31.52	30.8
31.28	32.36	31.96	32	31.88	32.12	31.4	31.16	31.96	30.88	32.6
31.76	31.68	32.92	30.76	31.96	31.52	31.96	32.28	31	30.56	31.52
31.4	31.76	30.84	32.64	31.48	30.32	31.72	31.16	31	32.2	31.68
31.68	30.96	31.92	30.88	31.6	30.56	32.12	31.44	31.56	31.52	31.28
30.76	32.32	31.4	31.76	31.52	30.88	32.04	32.52	31	31.52	32.28
30.92	31.68	31.2	31.84	31.04	31.84	31.44	32.28	31.32	31.36	31.36
30.6	31.36	31.92	32.16	32.08	32	31.84	30.96	32.04	32.04	32.68
31.36	31.76	32.28	31.8	32.08	30.36	31.32	31.76	31.68	30.48	32.56
30.28	31.24	31.56	31.48	32.08	31.08	31.4	32.12	31.04	31.6	31.28
31.4	31.32	32.32	31.56	30.88	31.52	32.64	31.04	31.48	31.4	32.44
31.72	31.36	32.16	30.88	31.6	32.2	31	31.8	32.28	31.76	31.6
31.72	32.24	32.2	31.92	32.12	30.68	31.92	31.24	31.28	31.84	32.84
31.8	31.76	32.56	31.68	31.92	32.24	31.16	31.4	32.28	30.84	31.8
30.6	32	31.92	32.2	31.68	31.88	31.88	30.6	32.44	31.64	31.56
32.48	32.24	32.96	31.04	32.2	31.68	31.6	32.72	31.88	31.44	31.96
31	32.6	32.72	32.28	33.2	32	31.6	33	32.2	31.24	32.08
8	previous	instance:	data/E-n51-k5.vrp							
1579	1447	1487	1427	1563	1265	1485	1536	1578	1635	1523
1593	1588	1537	1486	1615	1481	1499	1593	1641	1729	1544
1604	1669	1569	1543	1649	1549	1601	1595	1649	1730	1548
1617	1699	1640	1560	1660	1608	1629	1630	1684	1730	1638
1619	1700	1682	1575	1706	1652	1636	1648	1688	1731	1640
1658	1726	1704	1647	1708	1663	1637	1695	1733	1739	1672
1672	1731	1717	1648	1746	1688	1652	1697	1754	1745	1687
1685	1743	1749	1665	1757	1707	1667	1718	1766	1753	1701
1691	1751	1754	1710	1758	1742	1697	1719	1771	1772	1706
1733	1766	1761	1745	1769	1753	1725	1739	1797	1774	1720
1739	1774	1779	1757	1775	1763	1776	1773	1797	1778	1728
1747	1808	1802	1772	1783	1764	1807	1782	1801	1794	1735
1816	1811	1828	1775	1793	1814	1809	1785	1814	1802	1738
1820	1845	1832	1779	1801	1819	1826	1794	1823	1814	1738
1825	1854	1859	1794	1827	1832	1828	1839	1850	1819	1746
1843	1872	1861	1818	1844	1864	1829	1850	1850	1831	1766
1864	1873	1869	1824	1850	1871	1839	1868	1869	1856	1784
1864	1882	1881	1833	1863	1876	1851	1873	1907	1879	1837
1869	1914	1913	1862	1919	1890	1863	1880	1915	1914	1841
1913	1918	1915	1876	1921	1901	1867	1896	1940	1931	1852
1952	1925	1919	1898	1927	1930	1878	1908	1960	2006	1904
1983	1928	1931	1937	1950	2000	1885	1974	1961	2007	1905
1996	1973	1933	1987	1961	2054	1987	2013	1992	2068	1920
2003	1974	1994	1990	2133	2122	2188	2018	2016	2071	2005
2136	2050	2114	2035	2137	2193	2333	2075	2069	2174	2060
52.36	51.28	50.28	51.32	51.12	50.04	50.92	51.6	51.16	50.92	50.24
51.16	50.96	51.76	51.48	51.2	50.64	50.68	52.32	52.56	51.56	50.68
52.16	52.32	50.76	51.36	52.08	51.64	51.04	50.56	51	50.96	51.24
51.24	51.32	50.64	51.6	51.56	52.72	51.04	50.56	51.28	51.6	52.72
50.56	52	51.64	51.84	50.28	50.92	50.08	51.08	51.44	52.44	52
51.4	51.36	50.56	51.12	51.32	51.64	51.84	52.12	51.6	50.52	51.64
50.72	53.52	51	52.44	50.4	51.84	51.24	51.04	52.32	51.12	52.4
52.48	50.32	51.48	53.36	50.96	50.44	51.84	51.56	52.04	51.76	52.08
51.64	51	52.04	51.32	52.72	51.2	50.64	51.68	51.84	51.76	52.72
51.28	52.88	51.64	51.12	50.8	52.08	50.44	52.96	52.08	51.4	51.64
52.68	53.16	50.88	51.04	52.12	51.08	50.08	51.52	52.28	51.72	51.6
51.96	52.44	51.6	50.76	52.88	52.16	52.16	51.48	52.4	52.92	52.12
51.96	52.52	51.64	52.8	52.04	51.6	51.8	50.44	50.72	49.6	52.6
51	52.24	51.8	51.96	51.56	51.96	52.8	51.28	52.12	51.8	52.68
52.28	51.8	52.2	51.92	52.36	50.04	50.96	51.08	53.16	51.12	51.28
52.68	51.84	50.68	51.32	52.28	51.28	51.32	52.48	51.6	52.24	53
50.56	51.4	50.92	50.8	52.04	51.68	52.92	51.44	51.96	51.56	50.92
52.56	50.8	52.12	50.4	52.32	51.72	52.24	52.04	52.84	50.2	52.24
51.4	52.04	52.08	52	52.52	51.36	51	50.48	52.68	51.76	51.36
51.88	52.12	51.28	52.12	51.32	51.16	50.8	52.96	51.92	52.08	51.4
51.92	51	51.96	51.16	52.32	52.04	52.28	52.36	51.8	52.04	52.76
51.76	52.28	52.32	51.84	50.64	51.68	52.12	51.72	52.56	52.4	51.76
52.4	52	51.12	53.4	51.84	53.16	52.64	53.08	51.36	51.72	51.76
52.8	52.24	51.44	51.92	51.64	52.04	52.88	51.6	53.24	52.64	52.52
53.12	52.16	52.4	53.16	52.6	51.72	52.64	52.16	53.16	52.08	52.44
9	previous	instance:	data/E-n76-k7.vrp							
696	698	607	644	565	681	624	669	622	606	681
705	734	609	694	674	707	743	678	694	608	702
706	750	656	708	685	708	753	704	705	671	751
710	765	684	712	687	712	754	740	736	682	754
747	769	696	752	693	714	778	752	763	714	755
752	780	722	770	721	725	788	754	776	728	758
759	784	745	778	726	734	788	757	801	733	769
765	786	762	784	744	743	790	772	815	742	796
767	793	766	787	753	745	790	775	823	744	809
784	793	770	796	809	752	792	777	827	752	811
786	807	777	810	810	788	794	780	828	755	818
792	812	781	815	817	795	822	792	836	761	823
795	823	794	825	822	801	822	792	851	762	824
807	825	795	839	826	821	825	795	863	768	824
808	827	802	840	827	832	838	798	865	782	831
808	841	808	842	832	838	841	804	871	785	839
828	852	810	852	836	846	847	811	877	786	844
829	867	852	872	838	866	852	822	895	787	849
832	879	863	896	848	867	875	828	908	802	851
846	898	870	902	859	869	882	852	911	813	863
866	901	881	904	871	884	888	895	917	832	864
878	932	883	906	878	925	893	909	933	857	898
885	952	886	921	930	927	900	912	942	926	938
899	962	903	922	933	960	963	951	978	927	942
925	971	914	1011	1027	992	999	987	1001	955	964
43.24	47.24	42.52	44.52	42.24	48.92	45.48	47.4	42.08	41.76	47.28
44.84	46.04	44.16	45.56	44.2	44.68	45.6	46.96	47.36	47.4	48.24
48.44	44.2	43.88	47.08	43.92	44.8	44.68	44.88	46	46.48	42.96
45.52	44.6	43.64	46.24	47	43.8	43.32	41.96	45.36	41.84	44.76
45.76	44.44	45	47.24	47.04	43.28	44.92	47.44	45.88	43.6	45.96
47.64	47.72	46.12	44.44	45.04	43.44	46.08	43.48	42.64	49.16	44.8
46.44	43.88	43.04	47.12	46	43.12	46	48.16	45.6	45.92	47.04
43.24	43.68	45.4	47	42.08	43.56	44.76	46.16	46.64	47.16	43.48
43.64	47.24	44.52	48.52	42.36	44.6	43.56	44	45.2	42.4	41.88
46.08	46.72	44.72	47.36	46.88	46.76	44.68	44.56	46.6	46.88	45
47.32	44.6	45.04	46.8	40.96	47.84	45.24	47.2	46.52	45.56	41.96
43.6	47.92	45.2	43.96	46	45.4	46.44	47.64	46.92	48.48	45.76
46.96	48.04	43.84	43.68	43.8	48.24	44.28	44.84	44.76	43.08	42.12
41.44	43.12	45.6	45.8	44.08	47.6	44.68	47.96	43.28	44.08	44.28
47.84	44.92	50.2	46.44	45.12	45.48	46.76	46.96	44.84	45.6	42.56
44.64	46.8	43.64	45.04	44.24	49.56	48.12	46.32	47.2	48.96	45.8
44	47.32	45.72	47.2	47.2	47.52	46.12	44.24	44.8	44.8	45.16
43.88	45.88	46	47.32	45.64	45.76	46.96	43.96	45.24	44.68	46.48
48.92	47.64	44.52	46.28	48.16	43.32	46	43.12	47.32	44.48	43.96
42.12	45.12	44.88	45	45.12	45.48	45.32	44.24	47.64	42.04	47.68
44.8	47.08	45.8	45.04	43.6	43.56	45.8	49.28	43.96	44.12	42.44
43.32	44.24	45.16	43.96	46.36	45.76	43.84	44.68	42.36	45	44.44
45.96	47.16	46.92	47.04	47.6	44.28	46.92	43.76	44.72	46.8	47.8
45.92	48.08	45.96	46.72	46.16	45.16	43.8	44.08	41.6	45.92	44.64
47.8	45.16	46.36	48.04	44.08	45.44	47	43.16	46.64	48.24	46.8
10	previous	instance:	data/F-n72-k4.vrp							
3608	3327	3261	3397	3660	3315	3438	3699	3290	3278	3076
3731	3522	3388	3401	3663	3342	3579	3747	3341	3436	3446
3749	3568	3465	3685	3711	3426	3600	3973	3354	3667	3656
3885	3646	3488	3721	3716	3753	3726	3985	3493	3818	3804
3931	3655	3491	3722	3733	3919	3738	4050	3546	3836	3957
3937	3690	3576	3765	3760	3927	3815	4115	3680	3838	3972
3969	3708	3728	3773	3825	3932	3971	4115	3691	3912	4114
4108	3723	3936	3825	3911	4038	4131	4150	3745	3927	4223
4117	3837	3943	3838	3928	4056	4186	4202	3763	3986	4225
4237	3963	3971	3839	3975	4071	4200	4230	3963	3989	4253
4297	3990	4026	3852	3992	4095	4214	4251	4054	3997	4318
4312	4039	4041	3914	4075	4101	4245	4312	4071	4053	4327
4315	4059	4062	3919	4081	4193	4293	4362	4079	4065	4329
4343	4082	4129	4110	4094	4223	4466	4417	4088	4111	4363
4406	4106	4147	4142	4138	4273	4477	4445	4117	4158	4367
4440	4118	4299	4161	4186	4298	4492	4486	4206	4170	4390
4445	4120	4332	4174	4193	4440	4501	4494	4222	4210	4402
4507	4207	4432	4186	4352	4481	4547	4550	4315	4311	4420
4527	4223	4452	4233	4410	4487	4579	4554	4445	4380	4451
4543	4275	4595	4386	4661	4525	4615	4578	4498	4390	4561
4628	4342	4651	4678	4815	4560	4661	4612	4522	4410	4589
4736	4398	4652	4733	4832	4667	4918	4632	4574	4440	4610
4742	4428	4665	4743	5093	4753	4977	4689	4601	4455	4677
4783	4628	4784	4798	5101	4840	5054	4941	4614	4492	4735
4883	4665	5021	5435	5184	5011	5254	5108	5112	4841	4779
97.6	97	97.6	97.96	96.88	100.4	96.72	96.84	97.92	99.52	98.44
98.64	96	96.88	97.52	99.48	97.92	98.04	99.08	97.24	99.08	100.52
98.84	96.4	97.84	98.92	99.68	97.68	98.4	96.68	98.48	98.72	98.92
98.16	98.76	97.64	96.52	97.96	97.64	97.24	96.08	100.76	100.6	97.76
97.68	99.64	97.16	97.72	99.68	96.96	97.52	98.52	96.36	98.56	98.04
97.96	98.12	97.88	96.64	97.64	100.12	100.52	99.92	96	97.04	96.68
97.8	97.32	99.48	96.24	97.56	97.64	98.48	97.76	98.32	98.24	96.68
94.68	98.52	98	98.44	97.52	97.28	96.48	96.72	96.96	96.96	99.52
96.84	96.96	96.6	97.12	97.12	98.96	96.36	99.24	95.2	98.16	96.4
100.24	97.64	98.44	97.92	99.28	97.12	97.04	98.4	98.64	99.36	99
98.52	97.76	97.2	96.6	99.24	95.76	99.32	99.44	99.64	99.16	99.88
100.24	98.08	98.2	96.88	98.76	99.68	101.8	99.6	99.52	98.72	97.8
98	99.12	97.32	94.44	98	99.48	97.8	95.36	99.84	97.44	99.76
97.24	99.36	97.12	98.08	99.32	97.68	96.28	97.84	99.64	99	99.88
98.72	98.08	97.56	98.52	99.08	98.92	99.52	97.96	95.8	98.72	96.96
99.28	97.28	97.88	99.72	97.24	98.72	97.36	98.92	98.64	96.36	98.4
98.92	98.68	97.8	95.52	97.88	99.44	97.28	97.44	98.92	99.12	98.52
97.76	97.96	98.28	98.72	96.76	97.96	99.8	95.6	95.44	97.04	98.92
97.4	98.8	98.24	97.44	96	98.96	98.4	99.24	100.12	97.4	98.88
96.24	100.16	97.76	98.2	97.56	98.76	98.08	98.2	100	96.6	98.4
96.2	98.88	99.24	98	96.32	99.36	97.68	98.72	97.92	100.32	98.6
98.84	97.56	97.52	96.88	100	98.48	99.52	99.56	97.28	101.24	98.6
98.92	97.76	97.56	97.32	98.76	98.52	99.92	96.04	97.24	100.16	99.24
98.92	99.6	98.68	98.52	96.36	98.44	99.64	95.84	99	97.28	99.68
97.52	99.84	96.08	95.24	98.28	99.4	99.8	97.72	100.72	99.32	98.32
11	previous	instance:	data/F-n135-k7.vrp							
2233	2268	2217	2208	2243	2332	2282	2344	2354	2114	2139
2262	2380	2238	2209	2295	2341	2286	2391	2389	2178	2337
2410	2394	2290	2295	2330	2381	2335	2398	2424	2185	2370
2419	2437	2385	2436	2334	2387	2398	2422	2447	2453	2411
2422	2492	2387	2447	2404	2487	2421	2427	2454	2454	2428
2493	2506	2486	2524	2405	2518	2439	2445	2476	2520	2428
2521	2514	2495	2542	2432	2522	2467	2518	2481	2541	2440
2532	2522	2534	2588	2467	2537	2468	2520	2485	2572	2464
2553	2615	2535	2620	2472	2561	2504	2532	2488	2572	2486
2591	2619	2602	2643	2575	2562	2607	2540	2513	2590	2520
2603	2631	2653	2648	2613	2589	2632	2550	2519	2609	2526
2604	2648	2659	2708	2633	2608	2675	2608	2551	2624	2538
2633	2654	2661	2709	2641	2625	2704	2620	2553	2638	2602
2672	2700	2692	2720	2718	2629	2715	2653	2557	2669	2602
2675	2711	2699	2758	2746	2654	2744	2667	2576	2680	2653
2704	2711	2735	2779	2760	2668	2745	2694	2584	2680	2658
2706	2730	2801	2810	2792	2685	2767	2701	2710	2681	2693
2714	2737	2814	2819	2805	2740	2779	2706	2740	2752	2716
2744	2763	2821	2825	2824	2756	2796	2708	2740	2761	2779
2794	2792	2827	2871	2876	2800	2805	2735	2756	2773	2827
2817	2867	2827	2902	2903	2801	2839	2748	2797	2823	2870
2825	3001	2891	2935	2923	2900	2897	2778	2802	2860	2879
2879	3003	2894	2969	3062	2953	2927	2822	2845	2874	2921
2892	3066	2898	2981	3144	3112	2982	2833	2976	2885	2955
3015	3121	2975	3009	3276	3139	3164	3029	3004	2925	3020
70.48	71.84	71.56	69.04	70.28	69.04	71.4	69.92	71.44	68.72	70.36
71.48	70.6	70.4	69.84	71.64	69.68	70.92	70.36	71.48	71.24	71.64
71.88	71.16	73.16	71.04	71.52	71.32	71.36	71.32	70.4	68.84	71.56
71	70.52	70.64	70.88	71.6	71.28	70.8	72.12	70.2	70.44	71.12
72.6	70.2	71.72	71.12	71.4	70.76	72.56	70.8	70.44	70.92	69.36
70.88	72.68	71.2	71.72	71.08	70.28	71.32	69.6	72.56	70.24	70.12
70.44	71.08	71.96	70.64	70.64	72.88	71.88	72.16	72.4	69.88	70.64
72.24	70.92	73.08	71.48	70.24	70.96	71.88	71.52	71.68	72.36	70.76
71.72	71.8	69.96	70.52	71.16	72.6	72.32	71.12	72.04	72.16	70.6
72.6	71.24	71.84	70.96	71.48	70.96	71.48	73.24	72.72	71.8	70.92
72.28	70.84	72.6	70.4	70.48	72.32	70.72	71.68	73.24	71.28	71.84
72.96	71.28	72.08	72.72	70.68	72.04	72.4	70.92	71.32	73.12	71.24
71.68	71.16	71.8	71.88	71.28	72.88	72.44	73.48	71.08	72.52	70.76
71.48	72.68	71.16	71.28	72.12	71.08	72.32	71.28	70.36	72.8	69.92
72.4	69.88	72.68	70.68	71.32	69.72	73.4	71.04	71.48	71	71.88
72.6	71.68	72.64	70.92	72.6	71.76	71.36	71.92	72.6	71.4	70.52
72.6	71.72	72.12	71.64	70.92	71.08	72.08	72.2	73.16	72.36	72.8
72.32	72.48	72.68	71.6	71.08	72.16	72.44	71.16	71.96	72.68	71.4
69.88	71.2	70.84	71.92	71.4	71.32	72.48	70.96	71.88	71.96	71.28
71.16	72.04	73.6	71.84	72.16	71.8	72.56	70.84	73.04	71.44	71.2
70.44	73.04	71.44	72.36	72.36	71.36	72.12	72.08	72.56	72.52	72.2
72.8	72.84	71.92	73.36	71.92	71.6	73.16	72.56	71.44	72.16	71.04
73.36	72.84	71.48	72.12	72.12	72.84	70.96	72.44	71.2	71.64	72.76
72.4	71.92	72.16	72	72.36	72.68	71.56	73.68	72.64	71.88	71.6
72.16	71.6	71.32	73.08	72.96	71.76	72.88	72.36	72.88	72.04	71.24
12	previous	instance:	data/M-n101-k10.vrp							
3371	3145	3184	3425	3697	3407	3750	3160	3308	3040	3424
3703	3582	3406	3661	3724	3677	3757	3593	3603	3557	3470
3752	3602	3437	3732	3898	3696	3819	3653	3693	3629	3639
3786	3653	3609	3798	3931	3783	3822	3844	3730	3639	3725
3790	3740	3616	3828	3985	3791	3972	3844	3769	3726	3807
3796	3766	3784	3830	4013	3860	3999	3892	3784	3796	3808
3823	3786	3786	3842	4027	3863	4015	3899	3801	3799	3819
3893	3875	3812	3861	4038	3870	4022	3901	3850	3833	3852
3910	3944	3825	3865	4041	3873	4117	3924	3860	3833	3855
3924	3992	3963	3877	4047	3877	4195	3945	3874	3843	3861
4080	4036	4034	3922	4056	3927	4249	3995	3878	3888	3954
4118	4052	4098	3967	4094	3967	4288	4000	3963	3926	4059
4163	4062	4116	4107	4155	3978	4354	4019	4056	4038	4084
4166	4071	4158	4109	4161	4027	4368	4063	4106	4053	4205
4204	4083	4163	4132	4185	4074	4369	4065	4129	4071	4206
4318	4087	4170	4140	4187	4175	4410	4115	4143	4146	4216
4321	4092	4203	4171	4195	4197	4493	4134	4147	4171	4275
4345	4201	4224	4175	4210	4230	4537	4198	4174	4209	4340
4378	4268	4246	4203	4276	4290	4587	4237	4240	4258	4342
4395	4290	4377	4246	4366	4324	4665	4268	4289	4436	4342
4435	4339	4387	4262	4369	4347	4672	4285	4325	4463	4377
4455	4377	4391	4339	4384	4352	4797	4297	4335	4474	4393
4465	4388	4437	4343	4471	4450	4806	4333	4439	4568	4508
4651	4477	4508	4387	4477	4463	4824	4334	4490	4607	4734
4794	4484	4517	4466	4568	4984	5033	4628	4618	4721	4746
84.64	83.32	84.84	85.24	85.36	86.08	85	85.08	83.72	84.4	84.32
86	84.36	85.32	85.08	84.52	84.36	84	84.68	84.2	84.68	86.88
85.36	85.52	84.8	83.76	84.4	85.52	85.16	86	84.92	83.04	85.72
85.32	85	85.12	85.28	85.56	85.12	85.88	87.4	85.12	85.44	84.04
85.36	84.6	85.36	85.08	83.76	86	85.04	84.24	84.92	85.24	83.88
85	84.64	84.4	85.6	84.6	85.84	85.24	86.08	84.6	84	84.16
84.24	85.88	85.4	85.92	85.16	84.36	86.48	86.28	82.96	86	84.44
85.68	86.12	85.48	86.08	84.28	85.72	85.76	83.64	84.56	85.2	85.32
85.36	84.08	85.4	84.52	86.48	84.36	86.44	86.28	84.24	85.12	84.6
84.88	85.36	86.04	85.88	84.92	85.56	85.48	85.48	84.88	85.04	86.32
85.04	85.52	85.56	86.12	84.6	87	85.8	85.92	85.72	84.32	85.08
84.12	85.84	85.32	84.8	85.84	85.76	85.8	83.36	84.28	83.4	85.04
86.32	84.88	84.88	85.88	86.36	84.88	85.84	85.24	87.64	85.32	85
85.28	86.16	85.64	86.28	84.68	85.88	85	84.56	85.84	85.28	85.2
85.36	85.2	85.76	84.96	86.92	86.56	87.44	85.92	84.88	84.56	85.48
85.12	86.72	85.68	84.76	85.72	84.84	84.8	85.76	86.68	86.28	86.28
85.32	85.88	85.48	84.64	86.52	84.76	86.68	85.64	85	86.32	85.04
85.08	85.48	85.56	83.68	85.4	85.08	85.2	86.88	85.72	85.4	85.64
86.6	85.68	86.84	86.44	84.88	86.24	84.52	85.2	86.8	85.36	85.48
85.16	84.88	86.24	84.36	86.44	86.44	85.48	85.04	84.48	85.12	84.68
86	85.2	86.12	85	87.16	84.72	85.76	85.76	85.32	83.48	85.92
86.04	84.52	87.16	86.08	84.08	85.92	86.16	86.24	86.56	84.28	85.72
84.76	87.52	85.88	84.96	83.56	85.6	85.36	85.68	84.68	86.28	85.8
85.36	86.28	85.56	86.64	87.16	86.72	87.2	85.56	86.56	85.76	85.56
85.48	85.16	86	87.64	87	83.32	86.32	86.24	85.56	85.24	86.12
13	previous	instance:	data/M-n121-k7.vrp							
1509	1424	1398	1331	1490	1392	1525	1447	1514	1376	1457
1561	1438	1467	1453	1504	1446	1527	1514	1554	1516	1519
1570	1499	1539	1454	1518	1452	1558	1529	1582	1556	1536
1574	1560	1589	1504	1527	1535	1579	1565	1603	1572	1549
1582	1578	1614	1509	1533	1617	1609	1573	1609	1598	1569
1604	1602	1643	1563	1540	1622	1610	1576	1615	1611	1597
1610	1623	1667	1588	1561	1637	1644	1608	1626	1614	1622
1650	1637	1667	1608	1632	1645	1671	1620	1636	1622	1628
1660	1667	1670	1619	1676	1662	1681	1650	1658	1624	1630
1699	1670	1687	1649	1685	1676	1686	1657	1688	1663	1660
1738	1672	1710	1650	1686	1684	1719	1684	1720	1698	1681
1750	1684	1711	1653	1691	1693	1721	1696	1720	1700	1695
1753	1702	1743	1674	1719	1694	1732	1702	1721	1709	1701
1760	1707	1763	1713	1737	1709	1733	1726	1722	1711	1704
1766	1713	1765	1718	1738	1719	1737	1727	1724	1716	1714
1793	1719	1767	1723	1741	1744	1750	1732	1752	1746	1715
1795	1758	1789	1741	1773	1747	1772	1738	1756	1756	1739
1797	1774	1789	1750	1777	1817	1775	1747	1756	1759	1756
1810	1774	1790	1761	1804	1830	1786	1791	1777	1781	1775
1831	1796	1794	1772	1811	1833	1808	1842	1779	1819	1776
1907	1811	1835	1774	1818	1904	1829	1907	1783	1852	1781
1920	1813	1915	1787	1861	1912	1843	1959	1794	1865	1809
1924	1818	1953	1874	1978	2022	1856	2030	1799	1866	1844
1932	1840	1971	1887	2034	2037	1936	2044	1855	1881	1901
1989	1858	1979	1912	2035	2056	2045	2088	1891	1955	1942
46.8	46.16	46.64	46.8	46.08	47.56	46	47.36	45.44	47.68	47.28
46	47.24	45.96	45.88	47.4	46.04	47.16	47.68	47.64	45.56	47.76
46.2	46.12	46.64	45.88	46.84	47.2	46.28	46.96	46.16	47.28	47.12
46.52	45.96	47.2	45.04	46.72	46.8	46.88	48.04	47.24	47.12	47.36
46.24	46.32	47.2	46.04	45.32	46.52	46.4	46.4	46.44	47.28	47.08
46.16	45.48	47.88	46.28	47.24	46.28	46.56	45.76	46.24	46.52	47.44
46.36	45.88	45.4	45.76	46.92	46.72	47.96	46.56	47.12	47.84	46.68
46.4	45.96	46.72	45.52	45.56	47.2	46.16	45.48	46.28	47.6	47.48
47.6	47	46.72	47	47.2	47.52	46.48	47.52	46.52	47.2	46.68
47.28	47.68	46.92	47.12	47.28	47.16	46.96	47.8	46.12	47.16	47
48.08	45.64	45.24	45.96	47.04	46.4	47.4	46.68	47.6	47.6	46.72
46.76	45.76	46.12	46.76	46.68	46.28	46.4	46.88	46.04	47.32	46.08
46.6	45.16	47.48	45.68	46.16	47.4	46.96	46.76	46.36	47.92	46.84
46.28	46.52	47.16	46.48	47.28	47.32	47.04	48.08	47.56	47.2	47.64
46.96	46.96	47.68	46.44	47.92	47.76	45.76	46.96	46.6	46.44	48.48
46.16	46.24	46.04	47.28	47.96	46.16	47.36	47.2	46.56	47.4	47
47.6	46.68	47.56	47.56	47.96	47.12	48.04	47.24	47.12	47.08	47.12
47.2	48.08	47.52	46.68	46.72	47.2	47.84	48.08	46.6	47.04	47.68
47.92	48.6	47.28	47.64	46.12	47.12	46.64	46.52	46.84	47.64	46.76
47.04	47	46.84	47.16	46.84	46.96	48	47.76	46.6	47.12	46.68
48.24	47.44	46.32	45.6	47.64	48	47.24	48.4	47	47	47.92
47.16	45.68	46.44	46.24	46.96	46.56	46.88	47.2	46.88	46.72	47.88
48.36	46	46.28	47.48	47.04	48.04	47.68	47	46.64	46.2	47.76
48.28	47.6	46.56	45.96	46.8	47.64	47	47.24	46.68	46.6	47.52
47.16	46.36	47.4	48.28	47.72	48.08	48.28	46.96	46.44	46.88	46.88
14	previous	instance:	data/P-n76-k4.vrp							
1829	1840	1924	1937	1838	1910	1974	1864	1783	1816	1903
1879	1935	1965	1983	1884	1976	2042	1962	1912	1887	1924
1910	2043	2004	2004	1927	2005	2112	1996	1976	1945	2009
1948	2068	2013	2021	2055	2051	2122	2025	2040	1955	2116
1973	2069	2078	2057	2089	2054	2190	2046	2065	2014	2120
1999	2070	2103	2082	2107	2055	2206	2051	2095	2026	2156
2008	2097	2106	2098	2130	2058	2215	2069	2110	2047	2174
2015	2121	2106	2119	2145	2081	2220	2123	2121	2095	2175
2032	2132	2120	2151	2236	2083	2230	2169	2130	2121	2191
2079	2141	2122	2170	2238	2092	2241	2177	2192	2148	2204
2146	2175	2165	2272	2242	2131	2252	2210	2224	2149	2211
2211	2175	2197	2286	2261	2191	2255	2219	2233	2157	2212
2214	2179	2199	2298	2289	2228	2267	2220	2236	2169	2254
2243	2194	2242	2314	2302	2229	2295	2260	2288	2205	2259
2270	2194	2277	2317	2302	2246	2314	2266	2302	2231	2279
2289	2207	2294	2374	2306	2249	2314	2278	2303	2239	2307
2302	2235	2307	2388	2325	2292	2332	2281	2309	2242	2309
2312	2255	2311	2390	2371	2320	2344	2302	2313	2242	2359
2331	2258	2339	2425	2408	2326	2349	2338	2331	2258	2391
2376	2298	2344	2454	2419	2347	2349	2364	2345	2268	2395
2384	2324	2364	2460	2430	2374	2356	2448	2362	2325	2412
2385	2325	2434	2493	2502	2390	2457	2449	2396	2331	2414
2414	2363	2507	2498	2503	2391	2513	2483	2444	2362	2467
2445	2439	2515	2571	2517	2409	2553	2499	2550	2373	2517
2510	2544	2656	2603	2663	2415	2568	2615	2605	2563	2588
64.52	63.84	63.96	64.72	64.4	63.72	65.68	63.92	65.08	63.52	63.56
63.92	64.6	64.76	62.72	63.68	64.72	65.8	63.6	64.52	63	64.52
62.96	64.08	63.48	65	64.16	64.16	63.6	64.2	63.6	63.44	65.48
64.84	63.36	64.64	63.8	64.36	63.84	63.28	63.28	64.16	63.96	64.2
64.16	64.56	63.92	63.56	64.76	65.16	64.56	63.92	65	63.6	62.96
64.16	63.28	64.72	64.08	63.68	63.96	66.2	63.28	64.72	64.4	65.36
63.6	63.68	63.4	64.88	64.08	64.4	63.92	64.16	64.24	64.8	64.4
64.2	63.76	65.72	63.04	65.24	64.48	65.68	64.32	64.2	62.48	63.88
63.6	64.48	65.08	63.88	63.64	63.12	65.08	66.24	65.12	63.92	62.56
65	65.8	65.6	64.68	65.04	64.48	64.24	63.52	63.8	64	64.32
62.56	65.72	66.08	64.36	63.52	63.76	63.2	64.12	65.24	63.24	66.12
63.44	64.52	66.64	65.04	65	65.4	65.24	64.76	63.6	64.84	63.4
65.16	65.56	64.92	62.96	64.64	65.44	63.04	64.72	64.64	64	63.24
63.24	64.64	64.68	64.36	64.28	64.36	65.04	65.04	64.52	64.8	63
63.88	64.24	64.8	65.04	63.8	64.72	65.12	63.84	66.72	64.08	64.44
65	62.72	65.92	64.24	65.24	64.4	65.24	64.24	65.08	64.08	65.48
64.32	65.28	63.92	64.36	63	64.04	64.12	64.6	63.08	64.88	64.12
65.52	64.88	64.72	62.8	64.84	64.4	65.48	65.32	65.68	63.92	63.48
64.96	64.32	66.16	63.16	66	63.84	65.68	64.24	63.92	63.6	63.68
64.68	63.84	65.48	65.92	65.16	64.16	64.76	63.96	64.28	64.68	65.84
64.52	64.52	63.72	65	65.2	65.16	65.08	64.48	63.2	65	64.48
64.24	64.76	64.88	63.52	65.24	64.68	63.28	64.64	63.92	63.2	65
64.76	64.88	64.6	64.56	63.36	65.16	63.36	65.04	63.04	64.72	63.64
64.36	64.68	64.56	65.72	64.08	63.24	65.16	64.56	64.88	63.92	65.4
64.36	65.96	63.36	64.64	64.88	64.36	65.72	63.92	65.04	65.44	66.24
15	previous	instance:	data/P-n101-k4.vrp							
