936	1055	1123	1048	1134	991	882	1047	974	1015	1023
1059	1092	1161	1051	1155	1033	1043	1076	1094	1048	1071
1064	1122	1166	1079	1175	1086	1070	1081	1140	1075	1156
1116	1125	1181	1112	1182	1145	1117	1097	1185	1101	1159
1151	1127	1187	1154	1224	1161	1133	1151	1216	1104	1164
1179	1190	1197	1183	1244	1206	1137	1188	1216	1119	1176
1192	1233	1199	1184	1262	1211	1155	1205	1227	1141	1188
1202	1239	1200	1185	1266	1257	1190	1223	1227	1164	1211
1205	1245	1217	1186	1284	1263	1205	1232	1260	1166	1232
1232	1268	1227	1186	1285	1283	1216	1256	1268	1166	1245
1254	1277	1240	1188	1288	1283	1223	1264	1278	1181	1254
1269	1320	1243	1272	1305	1300	1267	1295	1301	1252	1287
1271	1329	1248	1276	1364	1312	1286	1297	1321	1296	1301
1281	1346	1268	1282	1372	1326	1296	1299	1322	1300	1302
1289	1352	1310	1292	1379	1342	1338	1308	1341	1306	1308
1294	1359	1344	1314	1379	1350	1340	1308	1359	1306	1317
1313	1362	1347	1333	1409	1382	1367	1319	1371	1327	1330
1315	1383	1354	1343	1415	1406	1372	1320	1441	1333	1337
1336	1391	1365	1346	1426	1428	1378	1348	1442	1356	1354
1348	1428	1370	1373	1469	1453	1466	1373	1454	1398	1371
1378	1452	1402	1374	1479	1454	1483	1453	1508	1426	1435
1388	1461	1448	1425	1520	1455	1513	1478	1526	1426	1440
1456	1466	1480	1497	1563	1506	1590	1596	1609	1468	1444
1484	1512	1603	1515	1575	1510	1593	1650	1630	1483	1467
1503	1614	1701	1642	1582	1524	1601	1694	1713	1589	1581
17.84	18.68	17.64	18.48	17.88	18.4	18.08	18.84	17.76	17.08	18.24
17.68	18.44	18.52	18.4	19.24	17.8	17.4	18.52	18.56	17.44	18.4
18.8	19.72	19.2	18.48	19.12	18.2	18.64	19.08	17.84	18.36	18.4
18.12	18.92	18.96	19.56	18.92	18.64	18.64	18.48	18.84	18.4	17.72
18.84	17.64	18.48	18.64	18.24	17.52	18.28	18.52	18.76	18.2	18.8
19.4	18.68	17.72	19.96	19.4	19.52	18.84	19.16	18.32	18.96	19.32
18.12	18.96	19.52	19.12	19.84	19.76	19.2	18.72	18.96	18.12	18.92
18.76	18.48	19.2	18.8	19	18.68	17.72	18	19.32	17.72	19.64
18.96	18.2	18.88	19.16	18.84	19	19.28	19.68	18.76	18.28	19.36
19.16	18.76	19.4	19.28	18.8	18.64	18.52	18.76	20.2	17.96	20.32
18.8	19.24	19.12	18.72	17.96	19.04	17.84	18.6	18.12	19.04	18.84
19.04	19.8	17.96	18.64	19.56	18.48	18.96	19.12	19.8	19.32	19.12
18.8	18.92	18	18.72	19	19.24	18.44	18.52	18.84	18.04	19.52
18.8	19.76	18.76	18.88	19.8	18.52	18.88	17.72	18.96	19.32	18.56
19.24	18.64	18.44	18.76	18.6	18.88	18.32	19.28	19.4	19.48	19.04
19.84	18.56	19.92	18.92	19.32	18.84	17.92	19.04	19.88	19.04	19.44
18.84	19.64	19.4	19.12	19.16	19.04	19	18.8	18.96	18.36	18.84
18.76	19.64	18.12	19.52	18.6	18.76	18.68	19.16	18.48	18.76	19.24
19	19.52	18.72	18.68	18.96	18.4	18.44	18.8	19.28	18.6	19.36
18.76	18.44	19.52	19.52	19.08	18.8	19.72	19.36	18.56	18.48	19.4
19.08	18.68	19.8	18.88	18.68	18.8	19.72	18.8	19.52	19.16	19.08
19.48	19.76	19.56	19.6	19.2	18.96	18.84	19.12	18.88	18.88	18.96
19.12	19.28	19.04	18.68	19.88	18.24	19.68	19.76	18.28	19.88	18.64
19.08	19.4	18.92	18.84	19.56	19	19.4	19.88	18.6	19.64	19.28
19.08	19.08	18.88	18.92	18.84	18.16	18.76	18.92	19.56	19.44	18.8
0	previous	instance:	data/A-n33-k5.vrp							
1611	1443	1578	1608	1609	1452	1542	1584	1493	1489	1595
1642	1563	1581	1634	1722	1552	1550	1661	1604	1578	1676
1644	1592	1590	1643	1731	1610	1589	1663	1609	1579	1681
1712	1617	1622	1654	1783	1637	1643	1684	1632	1582	1699
1719	1618	1672	1665	1788	1655	1690	1693	1645	1631	1709
1726	1632	1678	1724	1809	1675	1722	1697	1695	1643	1754
1766	1642	1720	1745	1832	1689	1790	1702	1728	1673	1764
1775	1693	1722	1768	1833	1719	1797	1702	1729	1677	1767
1786	1698	1771	1793	1842	1722	1810	1706	1731	1719	1779
1813	1739	1805	1794	1851	1725	1820	1719	1746	1778	1781
1813	1770	1807	1823	1855	1756	1822	1720	1772	1810	1819
1819	1772	1812	1831	1880	1852	1841	1737	1803	1839	1828
1832	1824	1813	1850	1897	1857	1854	1757	1809	1854	1833
1841	1834	1843	1855	1903	1876	1869	1763	1820	1868	1859
1851	1847	1890	1855	1917	1883	1882	1778	1851	1914	1868
1877	1850	1899	1872	1920	1913	1898	1801	1855	1918	1893
1960	1854	1906	1893	1930	1965	1905	1812	1857	1921	1923
1989	1862	1939	1927	1947	1972	1916	1814	1889	1926	1942
1995	1878	1969	1961	1961	1978	1917	1827	1901	1984	1957
2005	1917	1980	1964	1983	1993	1938	1860	1903	1995	1965
2015	1985	1996	1965	2000	2014	1998	1967	1946	2034	1989
2028	2003	2030	1996	2005	2077	2047	1983	2046	2067	2000
2047	2017	2059	2017	2050	2093	2052	1990	2091	2097	2003
2082	2172	2077	2084	2053	2158	2096	2053	2103	2142	2024
2137	2204	2131	2085	2078	2243	2127	2183	2137	2289	2043
29.64	27.68	27.36	28.88	28.68	27.84	27.44	28.56	28.24	28.88	27.52
27.68	27.88	28.48	29.08	30	27.6	28.04	27.6	28.4	28.4	28.68
28.24	28.92	28.2	27.4	28.44	28	29.44	28.6	28.16	28.64	28.36
29.04	28.28	27.36	29.32	29.72	27.92	28.6	28.84	28.64	28.08	28.52
27.76	28.08	28.2	29.16	29.6	28	27.36	28.04	28.04	28	28.16
28.64	28.68	28.48	29	28.92	29.24	28.4	29.64	28.8	28.88	29.36
28.72	28.04	29.16	29.44	28.36	29.36	28.2	28.96	28.48	27.96	28.88
28.4	28.56	28.24	29.32	28.76	28	29.56	27.6	28.08	29.48	28.56
28.56	28.28	29.28	28.04	29.28	28.32	28.04	28.68	28.2	29.08	28.36
28.92	29.32	29.64	28.68	28.84	28.92	28.2	28.44	29.16	28.68	29.36
28.84	29.32	29.36	29.16	29	28.52	29.76	28.48	28.44	29.92	29.92
28.44	28.4	29.2	28.52	29.52	29	29.32	28.6	29.2	28.72	29.88
29.04	27.4	28.28	28.76	30.04	30.2	28.56	27.36	28.52	29.12	29.24
28.88	28.8	28.24	29.04	29.04	28.96	29.8	29.2	28.48	29.88	28.36
28.92	28.64	28.4	29	29.56	29.08	29.6	27.84	29.72	28.8	29.16
29.16	28.64	28.84	29.2	28.84	29.84	29.6	27.16	28.76	29.2	27.92
29.96	28.88	29.64	28.44	28.8	28.72	29.24	29.16	28.72	28.96	30.2
28.68	29	29.84	28.88	29.44	29.64	28.72	29.68	28.08	29.56	29.32
27.96	28.12	29.64	28.72	29.16	29.64	28.44	28.72	29.4	28.64	29.88
29.48	28.4	29.76	29.72	29.08	29.24	28.8	29.32	29	29.92	30.04
29.24	29.16	30.28	28.92	29.6	28.92	29.56	28.72	29.6	29.04	29.04
28.44	29.48	30.24	29.52	29.12	29.32	29.68	27.88	29.4	29.84	29.24
30.4	29.4	29.28	29.6	29.16	29.48	29	29.04	29.32	28.36	29.04
29.8	29.44	30	29.68	29.64	27.68	29.04	29.84	29.56	30.48	29.32
29.72	29.88	29.56	29.6	29.16	29.64	29.12	30.36	29.76	30.32	29.6
1	previous	instance:	data/A-n46-k7.vrp							
2075	2167	2079	2210	2178	2177	1956	2247	2246	2181	2126
2230	2302	2088	2243	2238	2196	2108	2255	2253	2200	2265
2237	2314	2110	2332	2299	2286	2244	2323	2262	2349	2358
2293	2316	2312	2347	2304	2359	2259	2344	2286	2373	2368
2374	2370	2354	2368	2313	2434	2269	2422	2343	2413	2408
2379	2375	2366	2386	2335	2446	2300	2482	2353	2419	2417
2449	2389	2413	2390	2337	2480	2308	2490	2371	2455	2422
2450	2412	2421	2407	2363	2499	2330	2502	2376	2472	2501
2454	2433	2421	2438	2363	2519	2366	2509	2392	2479	2502
2458	2442	2453	2478	2418	2520	2383	2523	2417	2481	2506
2463	2478	2482	2504	2428	2530	2389	2528	2432	2495	2550
2472	2481	2514	2518	2467	2530	2397	2542	2452	2530	2552
2485	2498	2531	2559	2482	2540	2425	2567	2493	2559	2562
2493	2504	2545	2580	2490	2571	2430	2579	2501	2561	2583
2529	2518	2584	2584	2514	2571	2472	2585	2530	2595	2624
2570	2523	2588	2592	2566	2621	2508	2609	2556	2599	2639
2593	2596	2593	2639	2614	2627	2520	2616	2569	2603	2685
2618	2623	2630	2665	2618	2662	2529	2631	2585	2605	2700
2643	2633	2650	2667	2628	2689	2605	2636	2590	2645	2701
2644	2658	2651	2704	2662	2692	2617	2646	2640	2667	2707
2650	2696	2668	2726	2679	2723	2626	2664	2685	2713	2709
2732	2741	2740	2728	2687	2746	2665	2771	2701	2740	2742
2739	2810	2830	2930	2731	2746	2685	2839	2714	2795	2762
2760	2963	2946	2950	2781	2770	2753	2845	2791	2805	2764
3075	3019	3076	2992	2851	2827	2769	2902	2920	2999	2847
38.6	38.8	38.48	40	38.44	38.16	35.48	38.52	38.52	39.08	38.32
38.96	38.6	39.92	39	39.12	37.28	37.04	38.64	38.72	38.12	39.52
37.64	38.44	37.6	39.16	39.16	38.68	37.84	37.92	38.68	38.64	39.08
38.68	39.16	39.36	38.28	39.08	39.64	38.2	38.8	38.2	38.88	39.04
38.12	40.44	40	39.4	39.56	39.04	37.64	39.48	39.2	40.8	38.64
38.4	39.44	38.64	40.08	39.4	39.08	36.56	40.24	39.28	39.92	39.84
39.04	39.8	38.56	39.92	39.64	39.44	39.24	38.72	38.88	39.64	38.48
40.2	39.12	38.92	39.84	39	39.8	36.84	38.28	38.56	39.44	39.24
39.64	40.4	39.08	38.44	39.24	39.68	40.16	39.52	38	38.32	40.12
38.8	38.56	38.68	39.72	39.16	39.48	37.96	39.2	39.64	38.92	39.48
38.56	40	39.24	40.56	38.92	40.84	38.88	40.96	39.04	39.96	38.72
39.44	39.72	38.44	38.76	39.84	39.64	37.08	39.2	38.48	39.44	39.16
38.4	39.96	38.56	38.44	39.2	39.72	38.64	39.12	39.56	38.76	39.76
37.56	38.6	39.84	40.32	38.96	38.36	39.52	39.28	39.88	38.72	39.8
38.76	39.28	39.4	38.44	39	39.52	37.6	39.4	39.44	39.6	39.56
38.96	38.12	39.44	39.44	39.12	39.88	38.84	39.84	39.4	39.32	40.48
39.88	39.88	38.36	40.08	39.68	39.96	38.24	39.8	40.16	40.4	39.24
39.76	38.32	39.8	39.24	39.32	41.56	38.52	39.76	39.76	39.16	38.96
39.92	38.8	39.8	39.48	40.28	39.24	38.68	39.08	39.24	39.36	39.8
39.28	40	40.84	39.32	40.04	39.76	38.12	39.92	39.76	39.44	38.56
41.12	39.36	40.24	39.24	40.04	41.12	37.56	39.36	39.08	38.04	38.88
37.88	39.88	38.84	40.24	38.56	39.64	37.92	40.6	37.72	40.4	40.16
39.08	40.56	40.84	39.12	40.64	39.24	39.08	40.24	39.4	39.6	40.28
38.64	39.84	39.12	39.64	39.84	40.56	38.92	39.4	40.24	39.6	39.32
40.72	40.36	41.32	39.68	40.32	38.12	38.84	40.16	39.48	40.48	40.24
2	previous	instance:	data/A-n60-k9.vrp							
1215	1296	1359	1376	1350	1334	1231	1502	1201	1199	1443
1415	1393	1474	1397	1366	1409	1440	1516	1314	1450	1477
1449	1430	1533	1414	1419	1443	1502	1536	1381	1473	1501
1456	1451	1542	1460	1472	1478	1509	1626	1461	1484	1545
1462	1548	1583	1486	1480	1550	1572	1627	1505	1493	1558
1487	1621	1635	1499	1547	1598	1582	1645	1586	1658	1654
1496	1680	1673	1518	1612	1607	1613	1647	1600	1697	1674
1509	1693	1682	1522	1623	1618	1629	1690	1610	1707	1730
1538	1696	1725	1545	1643	1620	1632	1701	1641	1725	1731
1563	1700	1756	1547	1662	1630	1633	1718	1650	1733	1734
1588	1732	1768	1586	1667	1657	1678	1723	1666	1750	1752
1609	1768	1791	1662	1676	1659	1704	1741	1670	1751	1762
1625	1784	1796	1677	1694	1668	1711	1748	1689	1777	1787
1665	1785	1801	1680	1711	1673	1729	1752	1737	1804	1792
1704	1804	1821	1723	1721	1762	1734	1762	1756	1819	1796
1705	1810	1892	1727	1760	1802	1794	1818	1792	1832	1798
1754	1839	1927	1735	1774	1805	1867	1823	1821	1840	1848
1827	1851	1996	1748	1779	1832	1868	1853	1851	1853	1860
1850	1944	2003	1775	1795	1843	1880	1913	1868	1862	1908
1854	1981	2031	1809	1830	1853	1883	1919	1872	1864	1935
1893	2011	2038	1822	1834	1859	1931	1938	1882	1921	1939
1957	2039	2072	1886	1849	1879	1996	1968	1887	1969	1983
1971	2109	2117	1901	1865	2021	1999	1985	1932	1986	1991
1999	2135	2160	1941	1952	2037	2298	1989	1954	2008	2059
2051	2238	2181	2255	2023	2091	2316	2020	1973	2027	2070
18.96	19.48	21.12	19.8	18.28	20.2	19.24	20.4	19.72	19.72	19.96
19.24	20.36	20.6	20.08	20.52	21	20.24	20.68	19.24	20.52	20.88
20.4	19.96	20.4	19.2	20.6	20.48	20.2	19.92	20.36	20.44	20
19.96	20.32	20.96	20.16	20.64	19.44	18.92	19.92	19.44	19.92	19.88
19.92	20.08	20.8	19.52	20.04	18.72	20.4	19.28	20.6	20.24	20.08
19.76	20.2	21.56	20	19.4	20.84	21.12	20.52	20.68	20.84	19.68
19.84	20.16	19.52	20.32	19.96	20.52	20.08	20	20.48	20.32	21.68
19.76	20.12	20.24	20.64	20.32	19.96	19.24	20.76	20.68	20.92	19.68
19.36	20.12	20.96	19.92	20.52	19.88	20.04	20.52	20.4	21	20.8
19.6	20.36	20.24	20.48	19.96	20.8	20.16	20.28	20.4	20.88	19.84
20.76	20.16	20.92	20.52	19.16	20.48	19.56	21.16	19.76	20.6	20.84
20.64	20.8	21	21	19.16	20.6	19.44	19.84	20.04	20.6	19.56
18.32	20.12	20.96	21.2	19.68	19.84	20.56	20.4	20.12	20.32	19.84
20.52	20.72	20.72	19.84	20.64	20.44	19.76	20.92	20.52	20.04	21.56
20.2	20.44	21.04	21.28	19.92	19.84	20.76	20.84	21.24	20.52	20.24
20.88	20.68	20.64	21.16	20.12	20.44	20.68	20.76	20.88	20.84	20.88
19.84	20.6	20.52	20.64	20.16	19.44	21.36	20.28	20.72	21.32	20.64
20.6	20.2	20.48	20.24	20.56	20.68	20.88	20.24	20.32	20.36	20.64
20.64	21.2	20.96	20.56	20.24	20.72	20.88	20.92	21.72	21.84	19.52
21.04	21.84	21.72	20.12	20.6	20.24	21.08	20.8	20.12	21.72	20.64
20.36	21.32	20.76	20.8	20.52	20.6	20.28	21	20	20.64	21.12
21.32	21.28	21.48	19.92	20.36	21.88	20.6	21.12	20.48	20.36	21.68
20.12	21.24	21.04	21.16	20.6	22	20.64	20.72	19.44	21.08	19.72
20.76	20.48	20.96	20.04	21.08	21.48	21.52	20.96	20.16	21.2	20.48
21.8	20.76	21.04	20.84	20.44	21.32	21.36	21.04	20.2	21	21.12
3	previous	instance:	data/B-n35-k5.vrp							
1284	1418	1384	1227	1185	1389	1458	1328	1241	1376	1336
1449	1477	1409	1276	1271	1454	1460	1417	1247	1405	1472
1460	1496	1484	1347	1356	1457	1491	1442	1364	1437	1484
1505	1532	1507	1394	1369	1482	1496	1458	1433	1462	1495
1524	1566	1528	1496	1424	1503	1530	1471	1463	1465	1514
1542	1573	1561	1502	1468	1545	1559	1532	1498	1531	1531
1559	1619	1565	1597	1483	1559	1561	1547	1597	1615	1556
1563	1636	1575	1611	1523	1561	1655	1557	1609	1623	1600
1574	1668	1586	1614	1525	1572	1666	1594	1621	1649	1640
1574	1673	1595	1616	1554	1584	1668	1654	1634	1654	1642
1575	1683	1607	1621	1666	1590	1669	1673	1636	1667	1648
1575	1687	1612	1637	1668	1593	1680	1706	1700	1670	1648
1640	1708	1612	1644	1669	1595	1696	1718	1704	1684	1654
1649	1723	1613	1665	1711	1683	1711	1740	1714	1725	1685
1670	1738	1625	1672	1712	1704	1723	1751	1715	1727	1691
1678	1743	1639	1684	1777	1777	1735	1752	1715	1729	1702
1688	1754	1656	1686	1796	1799	1744	1773	1759	1779	1712
1746	1762	1696	1699	1801	1808	1748	1791	1774	1789	1725
1778	1788	1728	1743	1819	1832	1760	1793	1828	1811	1797
1788	1800	1736	1752	1832	1838	1816	1843	1857	1818	1817
1808	1833	1758	1802	1839	1839	1894	1844	1862	1819	1821
1823	1838	1808	1822	1876	1856	1978	1879	1873	1837	1885
1863	1912	1877	1834	1877	1881	2044	1896	1918	1897	1909
1866	1938	1894	1886	1882	1963	2051	2014	1937	1901	1939
2032	1966	1939	1994	1902	2012	2101	2049	2191	1988	1957
25.56	26.76	28.2	25.96	27.32	27.32	27.2	27.32	25.8	26.92	27.64
25.08	26.68	27.16	26.2	27.68	27.28	26.48	26.2	26.68	26.32	28.16
26.28	26.96	26.76	26.52	27.32	26.52	26.52	26.44	26.16	27.76	28.28
27.16	27.2	27.44	27.48	27.08	27.16	27.72	26.92	27.24	26.84	27.8
26.52	27.72	27.64	26.56	26.4	27.12	26.96	27.44	26.2	26.84	27.6
26.56	26.88	27.64	26.16	26.64	26.84	26.88	27.48	27.24	27.76	26.96
27.24	27.36	28.04	26.12	27.28	27.88	27.44	27.16	27.52	27.52	27.24
26.8	28.12	27.36	26.6	26.4	27.16	26.76	26.64	26.56	28.16	28.28
27.2	27.52	27.08	26.96	28.32	26.28	26.48	26.52	27.12	26.6	28
26.76	27.48	26.92	28.04	27.84	27.08	27.8	27.4	27.48	28.4	27.12
27	27.36	27.12	28.12	27.72	27.88	27.04	27.92	28.12	26.92	27.56
26.6	28.04	26.8	27.92	27.36	26.72	27.32	27.68	27.32	27.6	28.24
26.84	27.4	27.44	26.92	27.32	27.36	28.64	27.88	27.8	26.88	27.28
26.96	27.32	27.12	27.16	26	27.48	26.96	27.28	27.16	27.96	27.08
27.16	26.08	26.68	27.32	27.64	26.64	28.16	27.88	26.92	27.28	27.68
26.8	27.56	27.8	27.12	28.2	27.4	28.44	27.48	25.96	26.96	26.92
26.96	26.6	27.48	27.92	27.76	27.92	28.04	27.84	27.52	26.84	28.4
27.32	27.4	26.76	26.72	27.04	27.64	27.08	27.64	28	28.2	26.84
27.36	26.96	27.2	27.16	27.52	29.48	27.08	27.56	27.84	27.76	27.36
26.52	27.16	26.92	27.2	26.2	27.84	27.88	27.52	28	28.36	27.92
27.6	27.28	28.08	28.48	26.72	27.52	28.28	27.56	27.52	27.24	27.48
26.96	27.76	27.4	27.28	27.2	27.68	27.6	27.72	28.48	27.64	28.44
27.56	27.36	28.36	28.04	27.28	28.4	28.16	28.24	27.36	27.08	26.52
27.32	28.4	27.92	28.64	26.8	27.8	28.56	26.96	26.68	27	28.72
27.4	27.68	27.56	26.96	26.08	27.84	27.64	26.76	28.68	28.48	27.8
4	previous	instance:	data/B-n45-k5.vrp							
2128	2135	2156	2132	2204	2125	2275	2160	2183	2097	2098
2276	2249	2198	2260	2363	2223	2290	2224	2264	2139	2108
2287	2273	2368	2334	2387	2492	2338	2234	2266	2162	2156
2308	2274	2402	2364	2397	2519	2373	2299	2288	2330	2358
2325	2294	2402	2415	2427	2526	2380	2364	2344	2448	2373
2349	2316	2412	2468	2434	2536	2385	2406	2347	2456	2388
2374	2323	2426	2470	2439	2561	2403	2423	2364	2509	2388
2432	2396	2522	2488	2493	2573	2412	2458	2370	2556	2403
2449	2403	2570	2503	2512	2581	2451	2531	2407	2585	2426
2469	2424	2572	2513	2516	2601	2459	2559	2433	2590	2482
2473	2460	2591	2555	2534	2611	2463	2560	2512	2606	2534
2556	2486	2595	2573	2550	2617	2516	2561	2538	2607	2539
2584	2507	2630	2581	2561	2623	2522	2584	2542	2614	2574
2602	2536	2641	2586	2567	2626	2540	2637	2616	2630	2623
2647	2551	2659	2596	2594	2629	2562	2657	2631	2683	2646
2661	2558	2663	2640	2625	2682	2574	2660	2636	2701	2691
2663	2589	2712	2663	2639	2688	2612	2662	2665	2711	2728
2719	2614	2721	2686	2642	2718	2631	2712	2725	2712	2742
2723	2627	2738	2751	2649	2737	2634	2737	2744	2719	2769
2750	2663	2761	2788	2657	2742	2634	2746	2819	2719	2804
2790	2731	2767	2810	2792	2745	2737	2753	2824	2735	2845
2797	2790	2840	2830	2831	2827	2754	2825	2832	2759	2855
2938	2801	2876	2888	2904	2857	2800	2826	2946	2772	2895
2963	2857	2968	3024	2920	2954	2804	2832	3126	2778	3110
2996	2902	2982	3096	2933	3029	3424	2907	3260	2854	3160
43.56	45.32	45.28	42.6	44.64	44.52	43.68	43.16	44.36	45.36	43.84
44.24	45.56	45.04	44.52	46.48	45.6	46.24	44.48	43.56	42.64	45.24
45.96	45.64	46.6	43.64	44.56	46.52	45	45.4	45.32	44.72	44.68
45.72	45.68	44.36	45.4	44.64	45.48	46.16	44.84	45	45.28	45.4
45.6	45.4	44.04	44.84	46.16	45.52	46.32	45.4	44.4	44.96	46.08
44.92	45.36	44.32	43.8	45.48	45.08	45.48	46.36	44.56	44.44	45.2
43.96	45.36	45.72	44.76	45.28	45	46.08	45.52	45.88	45.04	45.24
45.92	44	46.6	45.08	45.76	45.76	44	45.64	44.56	44.92	45.08
44.56	45.6	44.76	44.88	46.32	46.56	46.28	45.76	45.24	45.12	43.4
45.92	45	45	45.2	45.2	46.16	45.88	46.08	45.6	44.04	46.76
45.48	46.24	46.52	44.76	45.44	46.32	45.6	46.64	45.16	45.12	44.72
45.28	45.56	45.44	45.28	45.6	45.8	46.24	46.64	43.44	44.96	44.8
45	44.4	44.36	45.44	45.52	46.4	45.04	45.2	45.48	44.84	45.16
45.6	44.8	46.32	45.68	45.2	45.8	45.04	44.64	45.92	45.24	45.44
44.36	43.92	45.84	43.28	44.64	45.28	45.04	45.72	46.08	44.72	45.84
44.56	45.6	46.56	46.68	44.96	45.64	44.8	44.76	45.76	45.36	46.04
46.2	45.12	46.32	45.2	47.2	44.84	46.12	46.48	44.16	46.44	45.56
45.12	45.48	46.52	43.56	45.52	46.08	45.28	46.36	44.88	47.16	45.96
46.4	44.76	44.4	45.04	45.76	45.64	45.84	45.4	45.72	45.08	44.32
45.12	46.32	46.8	45.24	46.28	46.12	45.24	46.32	44.84	44.2	45.68
46.24	45.76	44.72	45.96	45.84	46.44	44.8	45.48	45.68	46.12	45.8
45.16	46.36	46.08	45.16	45.36	45.32	46.32	44.96	45.72	45.72	46.28
45.72	45.12	45.28	45.56	46.76	45.48	45.84	45.44	46.4	45.2	45.88
45.56	45.48	47.16	46.48	45.68	46.08	44.64	46.2	45.88	46.16	46.2
45.72	45.96	46.4	45.28	44.24	45.12	45.92	46.48	46.28	45.24	46.88
5	previous	instance:	data/B-n68-k9.vrp							
2230	2220	2466	2235	2225	2357	2209	2399	2337	2394	2306
2346	2255	2468	2316	2266	2389	2461	2478	2475	2435	2412
2406	2315	2532	2461	2378	2490	2498	2495	2591	2471	2493
2546	2532	2581	2505	2390	2513	2503	2520	2593	2556	2677
2600	2588	2587	2553	2607	2514	2519	2549	2666	2560	2685
2606	2657	2671	2609	2653	2579	2582	2563	2688	2568	2734
2625	2690	2694	2629	2655	2593	2603	2654	2689	2675	2734
2629	2692	2708	2653	2679	2595	2606	2660	2727	2682	2743
2643	2722	2713	2683	2687	2642	2752	2696	2733	2685	2760
2705	2725	2715	2692	2689	2653	2789	2708	2743	2690	2780
2729	2738	2749	2701	2692	2694	2791	2736	2749	2746	2786
2740	2754	2750	2707	2720	2697	2793	2767	2786	2750	2795
2754	2764	2754	2751	2742	2705	2815	2770	2791	2768	2805
2769	2767	2786	2758	2771	2729	2819	2832	2795	2804	2831
2770	2773	2814	2793	2841	2736	2833	2845	2803	2813	2831
2786	2803	2820	2797	2845	2782	2836	2847	2806	2846	2833
2789	2816	2934	2840	2847	2784	2841	2848	2876	2937	2836
2879	2845	2934	2855	2857	2813	2848	2854	2887	2954	2838
2880	2877	2949	2934	2894	2820	2923	2864	2899	2976	2839
2892	2878	2957	2947	2904	2860	2932	2963	2922	3015	2862
2914	2880	2981	2997	2941	2867	2939	3065	2953	3021	2906
2927	2886	3030	3010	3031	2924	2976	3069	3026	3022	2908
2934	2923	3219	3113	3047	2936	3130	3074	3161	3054	2932
3034	3091	3237	3139	3180	2957	3220	3178	3212	3151	2954
3078	3091	3368	3278	3268	3097	3356	3226	3364	3162	2962
52.68	52.6	52.88	51.52	53.2	51.64	51.96	52.4	52.56	52.68	52.6
52.36	53.8	52.04	53.12	51.96	52.24	52.52	53.44	53.68	51.8	54.36
53.72	53.16	52.96	53.24	51.48	52.04	53.44	53.2	53.84	53.52	53.32
52.36	52.92	52.4	51.44	53.2	51.88	52.84	52.8	52.36	52.8	52.92
53.28	53	53.32	53.44	52.48	53.68	53.08	52.96	54.12	53.4	52.36
53.4	51.4	53.8	53.68	52.8	51	54.48	53.6	54.28	53.2	53.08
53.48	53.36	51.04	54.08	54.72	52.72	52.52	53.12	53.8	52.04	53.24
53.28	54.32	54.04	53.8	51.64	52.16	53.04	52.44	54.52	53.72	53.32
53.6	52.76	53.44	52.68	53.32	53.48	53.44	53	53.4	53.12	52.76
53.92	51.64	53.4	53.48	53.72	51.92	52.64	54.16	53.64	52.96	53.24
52.36	53	53.12	52.96	52.92	53.08	52.56	54.2	52.76	52.8	53.04
53.48	53	51.88	51.84	53.08	53.92	53.84	53.68	53.48	53.8	52
53.44	53.92	52.32	51.92	52.68	53.56	54	54.12	53.4	53.52	54.04
52.32	52.08	52.28	53.04	53.96	52.72	52.48	54.28	53.48	53.72	53.56
54	52.64	52.68	53.84	53.92	52.48	54.36	54.56	55.12	54.12	53.72
53	53.48	54.64	53.76	52.6	52.96	52.84	54.2	53.64	53.56	54.52
54.96	52.32	54.36	53.28	52.92	52.52	53.6	52.76	53.68	53.4	52
53.68	52.92	52	52.04	54.8	53.76	52.92	53.08	53.32	54.48	53.96
53	54	52.96	53.68	55.12	54.08	53.64	53.64	54	53.2	52.52
53.92	53.4	53.48	54.52	53.4	53.72	53.6	54.36	52.48	52.92	53.84
52	53.44	53.16	53.76	52.12	52.32	53.32	53.48	54.04	53.56	53.16
53.8	53.88	54.56	52.68	52.8	53.4	54.76	54.04	54.6	54.2	54.76
52.68	53.28	53.28	53.12	52.88	53.76	53.72	54.4	53.72	54.48	53.68
52.2	53.28	55.28	55.2	54.04	53.04	53.44	53.6	54.4	54.32	52.84
53.32	53.12	52.12	54.76	53.44	54.28	54.04	54	54.28	53.28	53.68
6	previous	instance:	data/B-n78-k10.vrp							
815	790	851	853	795	889	757	912	774	901	749
913	794	860	885	891	918	885	946	853	938	764
914	808	914	934	912	934	895	961	856	987	800
943	810	1004	964	917	981	922	991	911	991	917
961	923	1035	967	976	1034	924	996	1018	992	961
969	971	1049	972	981	1041	961	998	1027	995	966
1060	973	1073	1014	999	1089	964	1015	1039	1005	1018
1068	1015	1090	1034	1031	1094	987	1016	1041	1044	1048
1068	1018	1091	1057	1033	1103	1019	1034	1057	1045	1062
1070	1028	1116	1072	1059	1116	1029	1083	1086	1050	1068
1107	1116	1148	1073	1066	1125	1060	1153	1090	1089	1071
1112	1133	1148	1124	1075	1127	1063	1154	1109	1099	1083
1122	1154	1151	1132	1085	1129	1102	1162	1144	1108	1095
1124	1160	1163	1132	1087	1154	1130	1170	1156	1124	1112
1142	1171	1201	1144	1102	1158	1145	1191	1162	1129	1138
1159	1202	1230	1170	1108	1174	1162	1203	1171	1140	1172
1163	1216	1235	1185	1142	1194	1175	1222	1180	1174	1180
1169	1234	1249	1193	1203	1204	1179	1246	1183	1254	1189
1192	1264	1257	1231	1213	1222	1190	1268	1189	1263	1231
1223	1267	1271	1309	1218	1251	1198	1281	1226	1275	1251
1313	1310	1302	1363	1248	1251	1206	1295	1253	1301	1251
1362	1371	1304	1366	1252	1259	1301	1310	1264	1302	1291
1384	1373	1351	1369	1292	1297	1379	1397	1319	1351	1426
1599	1393	1403	1434	1414	1331	1415	1402	1473	1430	1518
1649	1430	1710	1473	1469	1412	1455	1425	1497	1534	1546
15.28	15.96	13.76	13.96	13.4	15.08	15	14.24	15.92	16.8	14.76
13.68	14.04	15.56	15.84	15.84	14.72	15.56	13.76	14.56	13.36	14.16
15.12	15.6	14.96	15.8	14.08	14	14.8	14.88	16.96	14.36	14.68
15.92	13.52	16.6	15.24	15.44	14.12	14	16.84	14.76	15.2	15.04
16.64	14.12	14.68	14.56	14.64	15.92	14	15.2	14.92	14.4	14.84
15.04	14.8	14.08	14.76	14.76	15.64	16.36	14.88	13.2	16.4	14.36
16.64	14.56	13.88	14.64	16.76	13.12	15.28	15.88	15.6	16.92	15.28
14.16	15.64	16.72	16	17.48	15.92	14	14.48	16.28	15.88	14.44
14.64	14.16	13.92	15.16	14.04	14.16	14.6	14.08	17.24	16.2	15.04
14.28	14.88	14.24	15.36	14.84	16.44	15.52	14.56	16.72	15.08	14.6
15.36	17.52	15.2	14.96	15.04	17.56	16.24	15.32	14.6	15.04	15.2
16.72	15.12	15.44	15.24	14.4	15.84	16.76	14.44	14.6	14.12	15.68
15.08	14.64	16.32	15.72	15.08	14.28	16.4	15.16	14.76	17.2	15.16
15.88	13.88	16.48	15.44	14.28	13.28	15.8	14.84	17.16	14.36	15.12
15.52	16.8	17.48	17	15.24	14.72	15.44	13.32	13.72	13.76	16.32
14.64	13.64	16.72	15.6	16.16	16.36	16.84	15.32	13.56	14.64	15.48
14.88	14.76	15.92	16.04	15.08	15.64	16.4	15.12	14.16	16.68	16.56
14.12	14.56	15.68	15.76	14.68	16.88	17.04	15.04	13.56	14.84	16.08
14.72	14.16	17.6	14.72	15.6	14.72	16.36	16.24	15.56	18.48	15.68
15.08	15.8	14.12	16.04	14.32	14.28	14.16	13.76	14.8	15.56	16.24
14.8	14.44	13.64	15.48	15.76	15.32	15.16	16.08	16.24	15.6	15.84
15.6	15.44	14.6	14.24	16.56	15.76	14.76	14.8	13.76	15.04	15.32
15.2	16.04	14.52	16.12	14.6	16.08	15.88	14.76	16.72	17.8	15.52
16.92	16.36	17.44	16.36	17.4	17.48	16.28	15.64	14.56	15.6	15.04
15.72	15.12	16.56	16.84	15.32	14.28	15.28	13.88	14.44	15.36	14.76
7	previous	instance:	data/E-n30-k3.vrp							
1031	1042	1015	974	989	1056	959	960	975	895	1047
1040	1073	1054	1049	1065	1070	983	962	1006	978	1047
1045	1086	1060	1062	1080	1078	1048	1073	1009	1072	1075
1050	1092	1088	1096	1085	1081	1057	1081	1026	1095	1082
1051	1094	1093	1108	1092	1083	1058	1105	1083	1110	1131
1094	1108	1095	1124	1121	1086	1059	1112	1094	1119	1133
1126	1115	1106	1130	1139	1087	1113	1119	1133	1124	1144
1133	1121	1113	1138	1161	1100	1128	1124	1144	1129	1147
1164	1125	1131	1163	1163	1160	1156	1142	1162	1143	1147
1175	1131	1131	1165	1166	1161	1166	1173	1181	1149	1150
1177	1134	1132	1185	1177	1183	1170	1175	1190	1184	1187
1182	1142	1139	1189	1182	1187	1174	1175	1196	1189	1190
1187	1151	1140	1192	1192	1190	1176	1179	1199	1199	1191
1188	1162	1172	1243	1210	1196	1191	1190	1225	1200	1205
1200	1162	1183	1254	1217	1209	1195	1208	1234	1212	1224
1222	1170	1193	1270	1270	1214	1196	1209	1239	1215	1256
1233	1178	1218	1285	1272	1217	1221	1225	1246	1221	1278
1236	1181	1234	1301	1283	1221	1230	1238	1268	1221	1299
1242	1191	1251	1309	1304	1252	1231	1244	1270	1235	1313
1252	1192	1255	1323	1312	1264	1290	1270	1279	1236	1344
1265	1226	1258	1341	1335	1285	1378	1280	1284	1262	1350
1265	1280	1310	1351	1359	1289	1401	1280	1295	1266	1360
1292	1280	1326	1373	1417	1324	1406	1308	1331	1282	1362
1298	1316	1334	1377	1452	1338	1423	1312	1393	1297	1384
1298	1363	1419	1418	1497	1370	1639	1332	1442	1416	1399
30.76	31.2	31.2	30.8	32.08	31.72	31.2	29.72	30.2	31.2	31.08
30.84	31.4	30.44	31.56	32.96	31.52	31.36	30.4	31.44	31	32
32.2	31.96	31.2	30.76	31.4	30.68	30.84	30.84	30.84	31.8	31.8
30.88	31.44	30.48	31.8	30.48	31.88	32.04	31.04	31.2	31.08	31.48
30.44	31.92	32.24	31.32	32.28	31.64	31.12	31.76	31.36	31.92	32.16
31.16	30.8	31.24	31	30.72	31.76	30.84	32.08	31.08	31.36	32.36
32.28	30.32	30.56	31.44	30.24	30.96	32.32	32.6	31.4	30.8	31.52
31.24	31.84	31.88	30.24	30.76	31.28	32.32	31.52	31.4	31.84	31.28
32.04	31.24	32.92	32	31.24	31.64	31.52	31.16	30.68	30.92	31.84
31.92	30.64	31.28	30.92	31.04	31.32	32.28	32.6	32.4	31.8	31.36
31.4	32.32	31.92	30.96	31.32	31.6	31.52	31.96	32.2	31.96	31.44
31.6	30.8	30.68	30.72	31.12	32.52	30.08	31.12	32	30.88	31.08
31.44	31.08	31.2	31.8	31.88	31.24	31.36	31.48	32.32	31.6	31.28
30.92	31.36	33.16	31.76	31.76	31.84	32.12	31.48	32.08	31.44	31.32
31.72	30.76	31.04	32.36	31.36	31.64	31.44	30.12	31.56	31.52	31.6
32.76	32.32	32.6	31.2	32.2	31.56	30.6	31.64	31.44	32.48	32.24
31.56	31	31.48	31.92	31.52	32.44	31.2	31.04	30.88	31.12	30.96
31.88	31.92	32.12	31.44	32.52	33	31.8	31.04	32.2	32	31.88
32.04	31.4	30.96	31.84	31.28	31.4	32.2	32.56	31.6	31.48	32.52
31.96	31.2	31	31.88	31.96	32.48	31.28	30.96	30.48	29.84	32.16
31.32	32.64	32.16	32.16	32.72	31.88	32.88	32.12	31.68	31.24	32.08
32.52	31.48	31.84	32.48	31.48	32.48	31.64	31.16	31.12	31.56	31.92
32.24	32.28	30.88	31.48	32.28	31.92	32.8	30.92	32.4	32.28	31.36
32.28	32.32	31	30.72	31.96	31.44	31.32	32	29.84	31.56	31.56
31.84	30.76	31.52	31.28	32.56	32	31.2	31.68	31.56	32.08	31.56
8	previous	instance:	data/E-n51-k5.vrp							
1310	1377	1476	1409	1372	1601	1406	1403	1473	1577	1481
1476	1599	1591	1455	1464	1617	1486	1467	1566	1592	1539
1558	1604	1667	1528	1577	1663	1495	1471	1596	1605	1574
1578	1648	1670	1532	1584	1673	1511	1555	1610	1606	1576
1592	1665	1682	1551	1604	1680	1519	1610	1621	1650	1661
1632	1701	1693	1556	1623	1696	1543	1670	1625	1655	1662
1688	1728	1705	1563	1640	1696	1576	1694	1647	1659	1674
1709	1738	1707	1629	1647	1705	1598	1714	1664	1661	1697
1719	1744	1716	1640	1685	1715	1656	1722	1670	1663	1702
1723	1776	1736	1697	1694	1722	1657	1723	1698	1670	1722
1724	1778	1766	1705	1699	1724	1706	1744	1714	1683	1723
1730	1787	1777	1728	1707	1733	1710	1756	1715	1691	1732
1751	1815	1787	1731	1709	1744	1716	1811	1719	1694	1763
1756	1828	1792	1732	1741	1758	1739	1816	1739	1694	1787
1762	1838	1795	1744	1744	1777	1745	1824	1767	1697	1813
1774	1857	1806	1747	1748	1778	1769	1827	1780	1710	1816
1807	1860	1806	1756	1762	1790	1784	1847	1784	1732	1842
1808	1906	1835	1757	1800	1793	1785	1863	1787	1739	1867
1816	1929	1868	1822	1837	1834	1807	1874	1838	1742	1887
1899	1934	1868	1826	1840	1835	1819	1877	1841	1782	1898
1913	1948	1931	1845	1848	1850	1830	1938	1848	1872	1909
1918	2019	1936	1849	1857	1876	1865	1940	1857	1892	1916
1928	2023	1949	1914	1872	1935	1875	1967	1910	1901	1917
1952	2028	1963	1951	1949	1948	1925	1991	1949	1903	1925
1957	2098	1995	1973	1998	1998	2009	2143	1993	1931	1978
49.36	50	51.36	50.36	51.16	52.32	50.16	50.32	52.12	50.88	51.12
51.8	51.16	51.12	51.52	49.96	51.04	52.2	51.24	51.48	52.48	52.24
51.88	52.6	52.6	50.24	51.84	51.88	52.64	51.64	51.16	51.4	50.6
51.16	50.84	52.32	50.12	50.72	50.44	51	50.44	51.6	49.96	51.44
52.08	50.52	52.6	50.12	51.76	51.68	51.08	52.04	50.76	50.96	50.72
51.44	52.84	52.4	50.88	50.28	51.72	52.8	50.48	51.2	51.28	51.24
52.36	51.12	50.84	49.04	51.08	51.56	51.6	51.92	50.8	51.4	50.8
52.24	51.04	51.08	51	51.92	51.4	51.64	51.8	51.56	51.24	51.48
51.32	51	50.92	51.32	51.44	50.92	50.4	51.8	50.32	52.36	51.24
51.88	52.36	51.84	52.16	49.96	52.04	50.4	51.2	52.24	50.64	50.96
52.72	51.2	51.04	52.04	53.12	51.24	51.56	51.16	50.32	51.48	51.48
52.88	51.44	51.36	52.2	51.04	51.56	51.56	51.8	52.2	51.52	52.6
51.32	51.84	51.48	51.2	52.24	51.96	52	51.4	50.92	52.4	52.2
51.72	50.32	52.56	53	51.6	51.96	51.96	52.48	52.16	52.36	52.28
49.92	52.04	51.96	51.08	52	52.08	50.36	51.04	52.36	51.36	51.72
51.84	51.4	51.36	52.52	51.12	51.16	51.2	51.28	51.36	51.52	52.56
51.04	51.84	51.76	51.32	51.48	51.12	50.96	51.32	51.48	52.4	51.68
52.72	51.64	51.16	52.28	51.48	51.16	50.72	51	51.56	50.88	51.4
52	52.32	52.08	50.72	53	51.32	52.28	51.96	51.36	52.24	52.84
51.36	52.32	51.48	50.92	51.28	52.08	51.2	53.2	51.84	51.92	51.04
51.4	52.68	52.24	52.12	52.6	51.04	51	52.8	51.44	50.64	51.32
50.88	51.88	51.92	52.6	51.44	52.4	51.08	52.52	51.52	51.72	50.8
51.12	52.2	52.76	51.96	51.8	51.36	51.88	52.76	52.08	52	53.08
52.4	51.64	51.84	51.16	53.2	52.2	52.32	51.32	50.88	51.76	51.8
52.64	52.6	52.44	51.52	51.72	52.04	52.12	52.04	51.92	51.16	52.36
9	previous	instance:	data/E-n76-k7.vrp							
621	661	632	671	690	654	616	606	592	586	693
690	676	682	672	691	677	625	685	668	730	718
694	718	696	678	699	704	639	703	698	744	734
702	719	726	680	721	717	661	719	704	768	742
705	721	734	688	726	721	677	735	711	770	747
729	728	738	737	751	726	708	748	713	772	766
733	754	744	755	755	732	712	764	748	777	770
752	756	748	779	761	741	713	770	757	784	777
755	761	749	782	784	741	740	775	759	786	788
771	768	771	783	788	768	745	780	762	787	792
786	775	782	788	799	769	746	781	778	789	795
792	795	784	795	800	791	747	783	779	806	821
803	816	798	807	802	795	763	785	788	818	830
820	816	810	816	814	804	764	792	796	826	839
821	823	825	832	822	813	771	797	807	840	844
825	824	826	838	823	818	773	813	817	851	850
833	837	847	840	846	822	797	825	825	854	860
842	840	848	858	849	825	816	830	831	878	881
850	853	853	859	884	830	824	835	833	880	883
868	853	870	860	884	846	828	844	844	882	905
873	866	890	868	889	883	835	854	847	901	906
875	892	910	883	908	884	844	877	855	902	931
896	910	938	908	949	891	844	891	874	915	958
928	912	965	913	955	895	855	982	997	943	986
930	948	982	1037	957	939	896	1031	1018	955	1026
43.2	44.88	42.6	43.44	44.36	44.96	46.04	45.92	46.32	48.16	47.52
47.32	46.12	46.36	47.24	45.76	44.8	46.48	43.32	45.96	49.72	42.84
45.36	45.08	43.96	46.16	42.84	43.44	46.76	42.96	48.04	45.12	46.88
43.36	42.24	44.2	43.48	47.08	43.72	44.36	42.6	44.2	48.72	48.44
48.16	44	46.44	45.32	48.36	49.4	45.52	47.72	46.24	45.48	42.44
45.56	48.48	45.92	43.68	43.56	46.48	44.52	44.6	44.2	48.28	43.4
43.6	46.16	45.96	42.08	48.72	42.48	46.52	42.88	44.08	47.12	45.44
45.96	46.08	45.32	42.32	44.76	46.24	44.4	44.96	45.96	43.04	46.68
47.88	44.64	44.56	45.24	48.16	42.12	44.64	45.64	44.52	46.68	43.92
44.32	43.92	45.04	42.32	44.88	43.88	44.88	45.2	41.48	47	49.36
44.96	47.28	45.52	44.52	46.52	47.4	46.68	47.32	45.68	42.44	47.32
46.88	43.76	44.48	49.08	47.2	44.48	43.24	48.6	44	42.8	44.4
43.96	45.88	45.68	45.64	44.16	47.8	43.8	44.32	45.44	41.84	47.68
44.28	45.12	47.64	46.8	44.24	44.44	45.68	45.96	46.96	41.84	43.52
47.36	47.36	44.32	48.36	45.52	42.88	47.24	48.24	47.84	44.76	46.92
43.04	47.76	45.64	47.44	49.52	45.36	46.8	46.4	45.6	46.56	45.72
41.56	44.96	44.44	43.12	46.04	43.32	45.76	48.8	44.4	45.2	47.12
47.72	44.36	47.84	45.76	45.28	46.64	48.04	46.08	46.72	45.92	47.24
46.48	45.88	44.56	45.32	45.16	48.12	42.68	43.2	41.84	43.68	44.64
46.92	48.72	46.8	45.88	46.84	44.76	46.2	46.72	45.92	42.88	46.76
44.92	42.72	44.8	48.08	46.72	45.52	46.52	47.2	46.48	44.12	44.72
46.76	45.16	44.24	45.8	49.48	48.2	43.32	47.16	47.16	43.24	44.28
44.16	48.16	47.76	45.76	45.16	43.64	44.92	45.92	46.12	46.68	47.4
42.96	44.24	46.8	48.64	47.48	44.04	47.04	46.08	47.72	44.2	47.2
45.16	46.12	46.88	43.24	48.48	42.68	47.88	46.56	43.12	42.84	47.4
10	previous	instance:	data/F-n72-k4.vrp							
3251	3595	3122	3064	3092	3698	3251	3365	3597	3325	3173
3427	3638	3561	3558	3135	3716	3516	3456	3628	3437	3198
3615	3663	3595	3673	3276	3732	3742	3635	3774	3516	3461
3627	3665	3608	3863	3339	3821	3751	3798	3791	3733	3631
3656	3690	3699	3910	3341	3841	3883	3866	3848	3737	3658
3678	3847	3775	3921	3683	3869	3890	3870	4002	3750	3694
3850	3876	3841	3979	3691	3897	3915	3872	4029	3786	3801
3862	4057	3893	3990	3776	3939	3950	3892	4044	3803	3804
3868	4072	3993	4028	3908	3956	3987	3988	4092	3844	3952
3911	4105	4014	4078	3950	4033	4012	4133	4183	3890	3997
3933	4106	4031	4089	3965	4057	4035	4149	4267	3913	4019
4009	4117	4083	4162	4039	4100	4059	4192	4287	4039	4077
4011	4192	4091	4192	4123	4141	4061	4216	4309	4047	4096
4066	4208	4124	4249	4127	4177	4092	4225	4397	4104	4193
4156	4215	4138	4285	4135	4251	4112	4244	4494	4130	4211
4182	4281	4164	4302	4170	4306	4133	4271	4624	4133	4218
4188	4291	4219	4333	4268	4308	4184	4299	4627	4140	4220
4243	4321	4219	4377	4302	4408	4201	4328	4671	4178	4345
4255	4341	4253	4424	4311	4411	4294	4347	4681	4191	4381
4280	4341	4298	4516	4356	4467	4425	4358	4684	4230	4478
4376	4448	4439	4568	4430	4503	4451	4369	4757	4352	4552
4498	4495	4585	4578	4464	4615	4463	4436	4779	4388	4555
4534	4553	4754	4644	4550	4763	4584	4572	4802	4455	4709
4618	4700	5012	4725	4570	4779	4841	4877	5139	4562	4710
4922	4749	5072	4726	4821	5143	4937	5021	5421	4709	4948
95.32	100.32	98.4	96.72	96.36	100.6	98.08	96.16	96.08	99.8	97.2
98.64	97.48	96.28	98.52	94.28	97.36	100.36	98.12	96.96	99	95.04
94.84	98.52	98.04	97.36	98.68	99.76	97.36	99	97.76	96.04	98.08
94.88	97.2	98.24	96.4	97.48	96.16	98.28	96.52	98.32	99.08	96.72
98.04	98.36	98.24	96.6	96.8	95.64	98.32	99.16	99.68	97.12	97.16
97.08	100.44	98.68	99.76	95.88	96.36	100.08	100.16	100.8	99.48	97.84
98.64	100.16	97.04	98.88	97.32	98.16	96.52	96	98.84	96.16	99.4
96.76	99.24	96.68	97.52	96.68	97.88	98	97.76	100.76	98.76	96.6
98.6	97.24	98.4	95.04	97.16	96.4	99.08	96.4	97.08	97.64	98.64
95.88	98.92	96.04	98.88	98.12	98.72	98.68	97.36	96.04	99.28	97.04
97.92	96.16	97.4	99.76	99.68	97.28	95.68	97.12	97.4	97.32	98.4
97.4	98	97.56	97.92	96.8	99.76	97	98.32	96.48	100.28	96.04
97.4	97.28	98.4	97.32	96.88	96.92	98.64	100.04	98.2	98.68	97.2
96.88	96.84	96.36	97.12	96.8	96.76	97.8	98.76	99	97	97.84
97.24	97.84	97.08	96.48	98.08	98.28	96.16	97.2	98.24	96.16	97.6
96.52	99.32	96.4	98.4	98.76	98.4	97.24	100.2	97.92	99.6	97.16
97.6	97.6	98.28	99	97.2	98.96	99.52	98.08	98.8	97.84	97.2
97.16	99.12	98.48	98.64	97.52	95.6	97.48	98.96	97.24	98	99.04
97.6	98.68	98.08	98.16	99.88	97.4	96.52	100.2	99.48	96.84	100.12
98.88	97.6	96.92	97.92	95.72	97.28	97.24	97.2	97.2	95.68	98.72
97.72	99.88	97.8	98.92	99.16	97.44	99.24	98.12	98.4	98.2	96.72
97.72	99.6	97.56	98.52	98.72	96.92	99.28	100.56	97.44	97.24	98.44
98.2	95.88	98.52	97.24	97.48	100.16	97.8	98.08	97.88	98.56	99.16
98.12	99.08	98.96	98.72	96.28	96.84	97.92	97.76	100.52	97.48	99.52
100.24	99.88	98.48	97.96	98.28	98.72	99	98	100.6	99.72	97.84
11	previous	instance:	data/F-n135-k7.vrp							
2085	2082	2209	2294	2176	2112	1955	2134	2171	2172	2060
2137	2228	2298	2301	2217	2300	2237	2180	2223	2328	2134
2204	2419	2344	2330	2333	2338	2245	2270	2234	2372	2299
2240	2420	2373	2428	2334	2377	2363	2364	2302	2397	2343
2365	2458	2408	2450	2339	2393	2387	2415	2366	2430	2399
2447	2464	2461	2502	2348	2417	2391	2495	2393	2454	2405
2449	2467	2470	2566	2391	2450	2403	2526	2393	2462	2419
2519	2468	2585	2602	2460	2485	2491	2528	2437	2474	2448
2521	2501	2590	2609	2468	2491	2505	2539	2441	2505	2458
2525	2554	2592	2615	2485	2533	2507	2542	2464	2539	2462
2530	2565	2593	2618	2522	2549	2518	2560	2507	2581	2473
2551	2582	2614	2630	2574	2553	2523	2572	2546	2586	2571
2611	2588	2617	2635	2598	2632	2530	2576	2555	2598	2582
2651	2612	2638	2650	2609	2639	2617	2662	2557	2626	2629
2655	2615	2652	2668	2615	2660	2632	2665	2568	2637	2635
2655	2645	2659	2684	2703	2741	2651	2671	2602	2641	2645
2662	2657	2723	2685	2708	2743	2668	2717	2610	2686	2659
2690	2678	2754	2724	2718	2762	2672	2723	2761	2695	2670
2701	2685	2755	2763	2763	2790	2686	2737	2811	2698	2683
2715	2719	2763	2795	2771	2842	2728	2748	2843	2704	2776
2798	2770	2773	2807	2874	2863	2792	2756	2895	2735	2848
2805	2811	2821	2907	2879	2924	2859	2895	2973	2820	2866
2868	2812	2845	2912	2909	2934	2875	2926	3003	2823	2880
3001	2822	2933	2952	3003	3029	2915	2946	3024	2902	2881
3050	2839	3073	3034	3065	3087	3136	2970	3116	2947	2912
69.48	70.8	69.56	71.84	70.24	71.84	70.28	71	70.88	69.96	70.56
71.28	71.84	71.4	71.32	70.08	71.32	71.76	71.2	71.28	71.2	70.64
70.4	71.08	70.16	71.6	71.24	70.28	71.68	72.92	71.32	72.56	72.08
71.12	71.28	70.88	72.88	69.88	71.8	72.52	71.52	70.64	70.48	70.6
71.68	71.72	71.4	72.56	71.48	70.68	70.08	71.44	69.8	70.8	69.2
70.52	71.2	70.64	71.36	71.56	69.64	71.44	70.56	71.44	71.16	72.16
70.76	71.8	72	72.52	71.12	70.96	71.8	72.48	72.36	70.92	69.56
70.76	71.24	70.88	72.12	72.28	71.6	72.72	71.92	71	71.4	70.76
71.04	70.8	71.64	70.32	71.28	70.84	69.8	71.84	72	72.2	70.32
70.68	72.52	71.44	72.76	71.2	71.24	72.48	72.96	71.4	72.32	71.44
71.12	72.68	71.64	72.24	71.44	70.2	70.44	72.92	71.68	72.72	69.84
70.72	72.36	72.12	71.32	70.92	71.44	71.6	71.04	70.56	71.08	71.52
71	71.6	71.32	71.96	73.28	72.12	71.32	70.72	71.08	70.6	71.52
71.68	71.8	71.6	71.8	70.76	71.76	70.96	70.72	70.92	71.36	72.48
71.72	73.4	71.44	72.48	72.8	70.8	71.24	72.92	71.64	71.92	71.96
70.84	72.52	72.12	72.8	72.08	72.72	70.4	71.28	72.32	70.52	71.24
71.6	73.08	72.44	73.24	72.16	70.48	71.56	71.6	71.76	71.84	72.08
71.96	72.52	71.36	71.6	71.64	72.32	69.52	71.16	73.04	71.44	71.56
71.88	72.52	71.84	71.96	72.72	71.72	71.4	71.96	71.6	70.52	71.8
71.72	73.28	71.96	72.2	72.64	73.08	72.12	71.4	71.04	70.8	72.04
72.4	72.28	72.32	73.28	72.16	71.88	71.52	72.16	71.6	73.2	72.36
71.04	72.88	71.72	72.52	71.8	72.72	72.72	72.8	73.24	73.92	72.68
71.84	72.8	71.6	71.88	71.4	72.08	71.72	70.84	72.12	72.6	71.48
72.6	72.28	70.76	73.12	70.6	72.16	71.16	71.4	72.92	71.48	70.92
73.48	71.52	71.28	71.28	71.68	72.24	72.88	73.12	71.96	71.4	71.72
12	previous	instance:	data/M-n101-k10.vrp							
3379	3232	3230	2973	3270	3513	3579	3186	3424	2991	3359
3408	3326	3343	2994	3430	3567	3593	3232	3439	3290	3519
3507	3527	3406	3306	3473	3579	3630	3459	3459	3318	3544
3608	3534	3524	3465	3514	3582	3661	3504	3545	3451	3578
3626	3589	3544	3598	3557	3593	3678	3542	3558	3517	3642
3640	3593	3547	3609	3596	3622	3691	3640	3581	3534	3649
3652	3651	3587	3626	3679	3691	3740	3671	3597	3709	3651
3751	3656	3654	3652	3687	3780	3766	3701	3600	3719	3692
3783	3684	3678	3690	3698	3788	3782	3718	3629	3747	3693
3795	3746	3757	3694	3742	3847	3801	3720	3667	3788	3742
3842	3747	3857	3714	3820	3934	3838	3741	3707	3860	3858
3846	3778	3885	3746	3897	3958	3842	3760	3731	3867	3904
3900	3847	3987	3775	3899	3976	3886	3818	3822	3897	3918
3912	3921	4026	3861	3928	4097	3924	3842	3828	3927	3948
3979	3959	4135	3862	3949	4148	3938	3876	3829	3951	3996
4083	4027	4192	3944	4029	4157	4003	3980	4028	3954	4045
4108	4067	4203	4057	4044	4183	4029	4023	4053	4009	4060
4151	4116	4238	4078	4044	4218	4115	4161	4113	4076	4094
4153	4167	4314	4120	4058	4223	4148	4246	4140	4121	4231
4198	4257	4333	4148	4085	4255	4213	4250	4168	4124	4373
4318	4282	4336	4197	4114	4315	4348	4347	4212	4171	4381
4434	4384	4470	4344	4125	4332	4404	4358	4273	4209	4419
4452	4412	4732	4371	4167	4336	4418	4376	4305	4231	4456
4549	4508	4732	4444	4198	4389	4562	4507	4334	4244	4502
4759	4592	4792	4591	4615	4401	4797	4513	4801	4414	4653
85.88	85.48	83.88	84.8	85	86.24	85.4	85.36	83.88	84.12	83.92
86.12	86.04	86.6	84.92	85.92	84.48	86.24	84.92	84.28	85.72	84.48
84.8	84.68	85.56	85.08	85.92	84.68	84.36	85.84	85.48	84.04	84.76
84.48	84.92	82.28	84.8	83.76	84.6	86.28	84.68	83.96	85.16	84.24
84.64	84.64	84.52	85.44	85.92	85.48	86.8	84.88	84.68	84.8	85.76
85.56	84.6	82.72	84.88	86.6	85.88	85.6	85.44	86	84.12	84.92
85.4	85.92	84.2	85.88	84	85.24	85.52	85.6	85.28	85.16	85.52
84.8	85.56	84.64	85.16	85.28	86.04	86.6	84.6	84.68	84.6	85.92
84.92	85.8	84	85.6	85.24	85.48	85.28	86.28	85.44	84.76	86.48
85.32	84.48	83.84	85	85.96	84.96	86	84.76	84.4	85.44	83.72
86.88	84.76	83.44	85.4	86.36	84.64	86.04	86.24	83.92	85.68	86.4
85.56	86	84.8	84.84	84.88	85.08	86.12	84.68	83.88	86.24	84.6
86.28	84.28	86.12	84.84	86.08	87	84.52	85.44	83.56	84.6	85.96
84.96	86.04	86.84	85.08	85.84	86.6	85.68	85.28	85.52	84.72	85.24
85.96	86.52	85.56	85.36	85.16	85.96	86.32	85.32	84.84	84	86.08
84.96	85.12	85.96	86	85.76	85.72	85.88	84.32	85.2	84.4	84.72
84.2	84.2	84.96	84.76	85.88	85.76	86.52	86.08	86.32	85.96	84.72
85.56	85.12	85.68	84.8	86.6	84.32	86.92	85.88	87.76	84.2	85.24
86.12	86.04	85.4	86.36	85.12	85.44	86.24	85.32	84.88	86.2	86.76
85.72	85.64	85.52	86.32	84.16	85.48	85.52	87.16	86.4	85.32	86.12
86.68	87.08	86.24	85.12	85.84	84.96	87.04	85.4	85.72	86.16	86.08
86	85.12	85.88	85.36	85.76	85.56	85.72	85.4	85.24	87.08	86.64
85.84	87.52	85.84	85.28	86.44	86.72	84.76	84.88	85.16	85.32	84.64
85.72	85.28	86.68	85.04	86.12	85.72	86	86.08	85.48	85.68	86.32
84.72	86.6	85	85.36	86.68	86.28	85.84	86.68	87.2	85	84.12
13	previous	instance:	data/M-n121-k7.vrp							
1411	1365	1442	1367	1438	1371	1460	1409	1522	1420	1385
1483	1534	1460	1515	1513	1432	1495	1453	1542	1461	1404
1506	1536	1497	1545	1517	1474	1549	1480	1584	1468	1489
1534	1542	1499	1546	1533	1502	1581	1483	1587	1473	1554
1555	1544	1508	1551	1553	1502	1600	1494	1594	1510	1559
1556	1566	1535	1560	1578	1513	1614	1510	1595	1542	1563
1569	1607	1539	1566	1587	1517	1627	1523	1601	1558	1596
1570	1639	1544	1591	1624	1551	1642	1538	1634	1559	1600
1643	1657	1548	1591	1632	1646	1691	1538	1637	1597	1606
1647	1674	1572	1627	1665	1646	1697	1557	1646	1614	1614
1652	1688	1647	1667	1668	1678	1727	1576	1659	1617	1619
1663	1695	1649	1668	1672	1681	1742	1586	1665	1619	1641
1678	1724	1656	1687	1703	1681	1773	1598	1672	1650	1652
1686	1737	1719	1688	1706	1702	1778	1612	1676	1701	1668
1688	1738	1726	1700	1716	1710	1786	1654	1686	1740	1671
1696	1760	1750	1712	1753	1711	1791	1659	1686	1753	1672
1711	1769	1765	1726	1782	1714	1799	1661	1712	1787	1675
1722	1793	1793	1757	1844	1716	1799	1668	1731	1848	1680
1745	1831	1810	1785	1862	1718	1805	1669	1740	1866	1712
1758	1839	1838	1786	1910	1726	1830	1679	1742	1874	1722
1817	1839	1854	1790	1922	1757	1834	1704	1793	1901	1732
1832	1848	1856	1817	1932	1776	1851	1717	1825	1910	1809
1919	1927	1869	1830	1940	1798	1857	1803	1834	1914	1854
1921	1944	1895	1865	1975	1830	1881	1883	1907	1921	1868
1960	1985	1948	1883	2040	1911	1920	1939	2077	2031	1887
46.72	45.6	47.36	47.24	47.16	46.76	47.44	45.48	46.84	46.2	45.56
45.56	46.12	47	46.08	46.44	47.52	45.68	46.12	47.36	46.76	45.68
46.96	46.44	46.84	46.24	45.72	46.8	46.6	46.2	46.68	46.48	47.48
46.32	46.24	45.68	46.48	45.6	46.92	47.2	46.64	46	46.08	46.48
46.96	46.56	46.52	46.32	46.32	47.16	46.8	46.8	46.44	48.24	47.28
46.56	46.6	46.56	46.52	46.88	46.24	46.4	47.36	46.6	46.36	46.24
47.64	46.68	46.4	46	48.72	45.76	47.16	47	46.12	47.64	46.88
47.56	46	47.48	46.12	47.16	46.16	47.28	47.08	47.4	46.52	47.16
46.6	47.28	47.68	47.36	46.92	47.84	46.08	46.28	46.68	45.92	46.8
47.28	47	46.16	45.48	47.16	47.24	46.6	45.52	46.2	47.68	46.04
46.92	47.28	47.36	47.16	46.76	46.56	47.04	46.28	45.92	47.28	47.08
46.84	47.4	47.36	47.56	47.2	47.52	46.88	46.84	47.68	46	47.12
47.04	46.64	47.8	45.24	45.72	46.92	47.48	47.32	45.96	46.04	45.92
47.32	47.68	47.6	47.2	46.48	47.12	47.64	46.96	46.56	46.52	46.56
46.72	46.72	46.16	47.16	47.24	47.28	46.48	47.48	46.56	46.84	46.24
46.92	45.84	45.6	46.48	46.68	44.88	47.04	46.44	46.92	46.56	45.84
46.92	47.2	46.16	46.44	47.04	46.84	47.56	45.72	46	46.44	46.2
47.16	46.24	46.92	47.24	47.6	46.68	45.8	46.72	46.72	47.16	46.84
46.68	47.28	47.12	46.88	47.52	46.84	46.24	47.4	45.4	45.12	45.68
46.6	46.36	47.36	47.24	46.8	47.76	46.76	46.88	47.52	47.68	46.64
46.4	47.04	48.04	47.24	47.6	47.32	46.48	48.88	46.72	47.24	46.32
47.04	47.12	47.88	47.52	46.68	47.36	45.72	45.88	47.16	45.92	46.48
47.16	47.76	47.44	47.76	48	48.08	47.2	47.32	46.72	47.2	48.28
45.52	47.52	46.28	47.68	46.44	46.2	47.32	46.16	47.04	47.56	47.72
46.2	47.72	46.2	47.76	45.8	47.24	47.52	46.68	46.96	47.16	46.96
14	previous	instance:	data/P-n76-k4.vrp							
1942	1918	1891	1726	1752	1813	1878	1767	1861	1837	1855
2039	1938	1904	2020	1899	1957	1903	1914	1937	1913	1883
2052	2010	1968	2035	1926	1973	1916	1977	1956	1923	2002
2085	2026	2022	2036	1956	1977	2006	1984	1969	1960	2005
2100	2039	2027	2073	1972	2048	2038	2033	2055	2043	2005
2135	2056	2058	2080	1999	2055	2052	2039	2087	2104	2080
2140	2062	2060	2131	2003	2056	2080	2046	2096	2117	2084
2165	2090	2062	2135	2082	2089	2104	2054	2123	2119	2088
2172	2109	2063	2167	2087	2101	2104	2062	2151	2141	2095
2181	2159	2105	2171	2098	2107	2105	2063	2164	2143	2121
2191	2165	2112	2180	2110	2151	2107	2077	2170	2150	2128
2247	2195	2117	2180	2111	2161	2132	2083	2178	2162	2162
2253	2196	2129	2193	2126	2161	2156	2094	2238	2166	2184
2264	2240	2158	2194	2128	2173	2186	2146	2240	2201	2227
2272	2246	2207	2202	2138	2195	2211	2147	2250	2206	2231
2308	2248	2246	2206	2139	2202	2254	2167	2252	2208	2258
2323	2250	2257	2212	2146	2249	2260	2204	2259	2211	2297
2356	2268	2260	2232	2155	2275	2289	2219	2270	2225	2306
2420	2271	2261	2257	2166	2286	2296	2232	2323	2240	2310
2425	2278	2287	2268	2169	2286	2299	2248	2423	2254	2328
2482	2304	2304	2301	2225	2289	2347	2301	2429	2257	2339
2504	2307	2311	2315	2281	2304	2376	2337	2472	2262	2383
2539	2388	2357	2333	2301	2349	2377	2351	2480	2274	2488
2630	2433	2438	2434	2310	2359	2379	2400	2543	2341	2531
2630	2635	2492	2445	2361	2432	2489	2425	2586	2415	2562
64.08	63.16	64.56	64.32	64.36	65.4	63.48	63.2	64.52	62.92	63.12
66.48	63.56	62.72	64.64	64.44	65.4	64.84	63.12	65.28	64.8	62.92
65.08	64.52	65.12	64.64	63.04	63.48	63.72	65.88	65.28	64.48	64.12
64.4	63.36	63.56	63.76	64.68	64.32	63.36	62.56	64.2	64.96	62.24
63.68	64.68	62.72	64.08	63.56	65.48	64.16	64.64	64.84	64.6	64.88
64.8	64.92	64.52	64.96	63.52	64.32	64.36	64.56	64.88	63.08	62.96
65.08	64.12	63.6	65.64	64.44	63.32	64.2	64.52	63.8	63.2	64.72
64.6	64.56	63.76	64.8	63.56	65.44	63.28	63.8	64.56	63.48	65.48
65.24	65.08	64.96	63.32	64.72	63.2	64.2	61.4	63.56	65.52	63.56
63.92	63.96	65.28	63.8	62.76	64.36	64.24	63.92	64.32	64.36	63.48
64.28	63.64	63.8	64.52	65.24	64.32	63.84	64.56	65.2	64.6	64.68
64.12	63.32	65.8	63.52	65.04	65.04	63.08	62.76	64.52	64.68	65.36
63.44	62.4	64.08	64.2	65.2	64.08	63.76	62.8	64.08	64.8	63.52
65.16	63.64	63.72	65	64.56	62.32	63.88	63.36	64.6	64.6	65.32
65.76	65.32	65.12	64.56	64.12	64.2	63.96	63.32	64.8	63.68	64.08
63.6	62.64	64.56	65.04	62.68	65.16	64.44	63.76	64.52	63.2	65.64
63.84	63.56	65.24	64.68	63.92	63.68	64.68	63.12	64.84	64.64	63.56
64.8	64.76	65.36	63.76	63.4	64.64	63.72	62.96	64.52	64.64	64.44
64.16	62.6	63.92	64	65.32	63.84	64.08	64.28	65.4	65.6	63.6
64.04	63.08	63.88	64.12	65.56	63.04	66.32	65.28	63.08	65.16	65.96
66.12	64.6	64.72	63.4	66.52	64.8	63.96	64.52	63.8	65.16	64.96
62.96	64.12	64.72	64.76	62.92	63.72	64.92	63.48	66.2	63.16	62.92
63.28	64.56	63.76	65.72	64.48	64.44	64.56	64.36	64.88	64.92	64.12
64.6	64.8	65.16	64.68	65.12	63.96	64.04	64.24	64.16	65.32	66.2
64.84	63.44	64.56	64.12	62.96	65.48	64.76	63.56	63.76	64.72	64.08
15	previous	instance:	data/P-n101-k4.vrp							
