1077	1076	1107	1171	950	989	1045	1083	1043	921	1048
1102	1101	1140	1182	995	1112	1048	1104	1115	1069	1089
1169	1152	1145	1185	1032	1135	1094	1166	1183	1118	1122
1172	1163	1175	1189	1111	1158	1095	1172	1199	1122	1160
1226	1167	1207	1208	1132	1199	1121	1206	1228	1187	1173
1228	1170	1238	1242	1204	1199	1157	1219	1267	1188	1227
1236	1171	1247	1252	1204	1226	1158	1222	1284	1194	1228
1238	1223	1258	1257	1204	1229	1178	1234	1303	1195	1229
1241	1227	1264	1296	1233	1257	1188	1249	1317	1232	1242
1242	1256	1269	1317	1241	1260	1191	1262	1322	1243	1255
1278	1267	1272	1325	1242	1263	1200	1277	1328	1258	1266
1289	1269	1274	1342	1257	1264	1214	1281	1348	1263	1288
1331	1297	1279	1342	1305	1267	1255	1284	1396	1302	1299
1358	1310	1347	1345	1338	1281	1257	1292	1418	1312	1341
1359	1319	1359	1372	1360	1281	1261	1315	1422	1318	1432
1367	1328	1360	1384	1388	1306	1289	1319	1426	1326	1441
1378	1360	1389	1421	1403	1338	1294	1333	1442	1343	1501
1391	1405	1415	1428	1421	1356	1312	1341	1459	1349	1516
1396	1422	1438	1454	1427	1359	1417	1399	1475	1365	1528
1421	1440	1464	1458	1436	1365	1431	1400	1484	1399	1557
1481	1475	1477	1461	1437	1376	1446	1535	1485	1432	1573
1521	1503	1500	1472	1438	1381	1461	1547	1506	1509	1603
1527	1520	1505	1481	1498	1473	1462	1584	1521	1511	1630
1536	1622	1558	1501	1506	1494	1536	1614	1578	1602	1729
1690	1654	1591	1510	1746	1681	1683	1740	1596	1639	1758
17.92	19.04	19.12	18.88	18.6	19	19.4	18.48	18.68	18.36	18.24
18.32	19.52	18.64	19.04	18.72	18.4	18.08	18.24	18.68	17.84	18.88
17.88	19.16	18.84	18.92	19	18.52	18.28	18.32	18.52	17.76	18.72
18	19.16	18.28	19.52	19.56	19.12	18.16	18	19.4	18.12	19.48
18.96	19	18	19.24	17.72	18.24	18.36	19.04	18.68	18.12	18.96
19.76	18.64	19.04	18.2	19.32	18.64	18.24	19.4	18.8	18.92	19.56
18.6	19.12	18.32	19.12	18.92	18.16	18.52	18.72	19.08	19.12	19.04
18.16	18.56	17.4	18.84	19.08	19.36	17.72	18.32	18.84	18.36	18.76
18.48	19.56	18.96	18.72	19.28	19.2	18.48	18.4	19.6	17.76	19.16
19.16	19.68	19.32	18.88	19.08	18.92	18.16	18.72	19.28	19.36	19.44
18.64	19.72	19.28	19.24	17.64	19	18.84	19.04	18.28	18.76	18
17.68	18.4	18.2	18.8	19.88	18.32	18.92	19.36	18.92	18.28	19.08
19.44	18.48	19.08	18.2	18.04	18.16	18.6	18.68	19.48	20.12	19.2
18.2	19.2	18.44	19.64	19.28	18.4	18.88	18.12	19.44	19.44	20.52
18.52	18.92	19.56	19.32	19.04	18.72	17.8	18.92	18.68	19.36	19.08
19.56	19.32	18.4	19.76	18.96	18.92	19.28	18.92	18.28	19.68	19.6
18.76	19.24	19.16	19	18.44	18.72	19.68	19.52	18.08	18.52	19.16
19	19.24	19.2	19.36	19.12	19.24	19.24	18.12	19.48	20	19.36
18.96	19.24	18.92	18.96	18.32	19	19.2	19.08	18.56	18.36	18.68
19.56	20.08	19.84	19.68	19.64	19.16	19.96	19.76	19.32	19.4	18.84
19.24	19.04	19	18.68	18.12	18.72	19.12	19.48	19.6	18.28	19.92
18.84	19.6	18.76	18.76	19.72	18.48	19.6	19.84	19.64	19.32	19.68
19.28	18.72	18.72	18.72	19.88	18.64	19.44	19.56	19.72	18.4	20
18.4	19.2	19.56	19.24	19.12	18.88	19.24	20	19.72	19.36	19.4
19.68	19.72	19.64	18.68	19.44	19.4	20.12	20.08	19.04	19.04	18.88
0	previous	instance:	data/A-n33-k5.vrp							
1427	1638	1542	1569	1586	1412	1478	1327	1567	1590	1534
1555	1663	1544	1610	1651	1579	1526	1609	1671	1676	1635
1590	1668	1617	1627	1660	1668	1675	1659	1717	1680	1642
1631	1732	1671	1668	1735	1683	1715	1665	1737	1694	1669
1660	1748	1715	1691	1745	1694	1728	1675	1753	1730	1717
1706	1757	1726	1703	1798	1724	1734	1677	1796	1737	1732
1736	1781	1737	1718	1802	1733	1768	1681	1809	1753	1756
1736	1804	1757	1748	1834	1751	1773	1712	1835	1757	1773
1742	1820	1774	1757	1854	1753	1787	1798	1851	1791	1779
1746	1820	1777	1768	1864	1769	1799	1820	1861	1791	1805
1764	1825	1785	1785	1880	1780	1844	1835	1865	1818	1806
1800	1827	1792	1800	1885	1788	1865	1837	1878	1825	1833
1804	1831	1794	1803	1903	1818	1917	1880	1884	1847	1834
1815	1846	1817	1821	1917	1834	1931	1901	1886	1860	1834
1867	1915	1822	1840	1923	1888	1947	1907	1892	1898	1862
1868	1915	1854	1847	1943	1899	1960	1914	1892	1902	1865
1879	1938	1886	1871	1954	1908	2020	1956	1899	1913	1904
1881	1945	1897	1889	1956	1913	2031	1971	1918	1916	1927
1944	1957	1931	1920	1994	1944	2034	2002	1959	1923	1938
1967	1960	1936	1988	2055	1953	2051	2018	1971	1949	1959
2032	1986	1940	1996	2062	1997	2053	2044	2051	1958	1972
2051	2009	1971	1997	2071	2062	2106	2051	2053	1961	1985
2072	2019	1985	2009	2122	2088	2161	2056	2148	2018	2083
2142	2116	1990	2036	2132	2110	2236	2106	2165	2089	2104
2207	2183	2030	2083	2141	2210	2337	2108	2261	2115	2204
28.24	29.16	28.12	28.72	28	27.28	27.04	27.56	27.72	28.72	27.72
27.64	27.92	27.68	28.6	28.68	27.4	27.32	28.84	28.76	28.12	28
27.76	28.36	28.12	28.12	29.04	29.24	29	27.56	27.44	29.48	28.52
28.04	28.04	28.08	28.8	29.76	28.36	27.52	29	29.28	29.12	27.08
28.44	27.8	27.76	28.32	29.8	28.2	28.72	26.36	28.84	28.44	28.12
28.12	29.32	27.56	28.2	28.6	29	27.84	27.72	29.48	28.52	28.36
28.16	28.8	28.4	28.6	28.68	29.4	28.68	27.48	28.32	29.48	28.32
29.24	28.8	27.6	29.16	28.4	28.96	28.12	28.24	28.44	29.76	28.6
28.68	28.84	29.56	28.64	28.56	28.68	28.76	29.76	28.8	28.44	28.72
28.24	28.88	27.88	28.52	29.48	28.16	28.32	28.56	29.12	28.72	28.4
28.36	28.68	29.08	28.96	29.36	29.16	28.2	28.24	29.16	28.08	28.2
28.52	28.96	28.2	29.76	28.56	28	28.24	28.4	29.72	28.24	29.6
28.48	30.04	28.8	29.84	29.24	28.88	28.8	28.56	28.36	28.68	29.56
28.56	29.64	27.68	28.72	27.8	30.12	29.4	28.52	28.8	29.48	29.08
29.36	29.08	28.24	28.48	28.64	28.76	28.4	29.72	29.36	28.8	29.36
28.92	29.56	28.56	28	29.84	29.36	29.6	28.28	28.76	29.08	28.16
27.72	30.28	28.8	28.76	28.28	29.08	27.28	28.04	29.36	28.68	28.96
28.48	30.24	28.8	28.44	29.24	29.52	30.56	29.4	28.16	28.64	29.6
27.72	28.16	28.76	28.44	29.08	28.88	28.44	28.96	29.84	28.2	28.84
28.72	28.08	29.08	28.56	29.48	28.76	28.52	28.16	28.6	29.48	28.72
30.16	29	28.8	29.2	28.88	29.52	29.16	28.76	28.88	28.36	29.28
28.96	29.8	29.52	28.96	27.92	29.24	28.36	28.44	28.92	28.64	28.84
29.48	28.24	29.68	30.04	29.28	29.12	29.84	29.96	29.04	28.6	29.04
30.56	28.56	28.92	28.76	29.32	29.56	29.2	29.44	29.12	29.24	28.88
28.8	29.04	29.52	29.16	29.76	29.28	30.6	28.64	29.8	28.4	28.68
1	previous	instance:	data/A-n46-k7.vrp							
2205	2328	2041	2270	2188	2263	2317	2077	2097	2104	2080
2211	2333	2204	2320	2314	2272	2348	2235	2237	2300	2122
2253	2337	2242	2330	2328	2327	2352	2298	2274	2320	2147
2275	2384	2318	2421	2340	2336	2428	2337	2292	2344	2180
2339	2401	2329	2429	2372	2358	2455	2379	2344	2401	2204
2423	2488	2329	2475	2431	2474	2465	2408	2416	2406	2218
2454	2498	2339	2489	2457	2480	2476	2422	2425	2411	2321
2455	2525	2363	2498	2473	2483	2491	2434	2454	2496	2426
2504	2527	2369	2502	2500	2486	2509	2462	2498	2508	2498
2543	2535	2408	2521	2503	2505	2519	2479	2527	2576	2520
2556	2555	2478	2529	2518	2526	2551	2537	2551	2585	2524
2556	2569	2508	2529	2531	2536	2605	2553	2564	2608	2535
2569	2608	2508	2537	2586	2543	2631	2561	2619	2608	2545
2601	2620	2521	2549	2592	2555	2638	2570	2663	2620	2557
2628	2634	2529	2563	2614	2606	2645	2670	2676	2629	2583
2641	2639	2555	2591	2614	2631	2652	2687	2680	2637	2588
2648	2654	2582	2606	2630	2705	2666	2687	2690	2651	2591
2649	2667	2598	2627	2695	2715	2705	2698	2720	2665	2611
2654	2680	2618	2662	2712	2757	2732	2705	2836	2671	2616
2702	2708	2644	2693	2724	2796	2791	2720	2844	2692	2685
2840	2741	2764	2765	2775	2892	2800	2737	2849	2758	2792
2863	2754	2804	2794	2788	2917	2826	2747	2869	2767	2878
2866	2782	2894	2927	2894	2936	2854	2748	2932	2827	2956
2904	2830	3015	2941	2906	2955	2903	2787	2962	2905	2978
2955	3044	3127	3064	3230	2970	2977	3023	2966	2973	3110
39.44	38.64	37.92	38.88	38.12	38.6	38.28	37.2	39	39.2	39.28
38.72	38.28	39.4	40	38	38.92	38.68	38.68	39.68	38.2	38.24
39.36	37.68	38.92	38.48	38.64	39	38.64	38.52	39.64	38.32	38.4
38.16	38.08	38.8	38.4	38.64	40.24	39.88	38.32	38.64	39.76	38.72
39.68	40.08	39.44	39.48	38.8	40.4	37.8	39.52	38.72	38.6	37.4
39.24	39.72	39.24	39.32	38.36	39.52	40.04	39.84	39.28	37.68	37.16
39	39.48	40.28	39.6	38	38.8	39.68	36.8	38.76	39.32	37.96
39.48	38.84	38.84	40.08	40.04	39.84	39.04	38.8	39.08	39.44	39.24
39.48	39.72	39	39.32	38.2	38.8	39.4	38.76	39.36	38.36	38.88
38.56	38.84	38.2	39.28	39.12	40.04	40.6	38.68	38.6	39.2	37.96
38.84	39.2	38.64	39.36	39.88	39.28	38.68	37.56	39.88	38.76	38.16
39.64	39.48	39.16	40	39.56	39.84	38.8	39.44	39.28	39.96	40.36
39.44	39.48	39.04	38.2	40.36	39.16	39.68	39.16	38.36	39.64	38.48
38.68	39.92	39.8	38.6	38.6	39.64	40	38.6	38.24	39.04	38.16
38.72	39.84	39.28	39.36	39	38.32	39.28	39.32	39.72	39.24	39.12
39.84	40.96	39.68	38.44	39.32	40.28	40.2	38.4	39.88	38.76	38.44
39.4	41.44	39.88	39.44	38.32	40.16	40.36	39.44	38.32	40.04	39.28
39.36	38.76	39.88	38.88	40	39.36	39.68	39.32	39.72	38.08	39.48
39.72	39.8	38.04	40.12	39.16	39.2	41.28	38.32	38.2	39.24	38.88
40.04	40.88	40.16	39.96	39.6	40.24	40.44	39.48	38.56	38.44	40.04
41.32	39.12	40.48	38.72	39.76	39.92	39.4	38.16	40.44	39.24	39.52
39.44	39.36	41	38.8	40.6	40.08	40	38.04	39.36	39.44	40.76
39.48	39.88	38.2	41.24	40.56	39.12	40.52	40.08	38.88	39.92	40.24
39.84	39.92	39.88	40.6	39.4	39.92	39.2	37.52	39.36	40.56	40.12
38.16	39.44	39.16	40.32	40.04	40.12	40	41	40.48	39	40.36
2	previous	instance:	data/A-n60-k9.vrp							
1578	1373	1480	1470	1330	1407	1382	1348	1336	1456	1372
1595	1376	1532	1489	1420	1424	1455	1440	1478	1569	1460
1612	1396	1537	1496	1437	1476	1473	1482	1517	1605	1544
1637	1482	1546	1516	1439	1515	1563	1496	1523	1617	1634
1640	1541	1557	1555	1513	1582	1605	1530	1542	1641	1652
1647	1577	1604	1571	1576	1585	1610	1577	1563	1657	1666
1663	1585	1689	1634	1585	1613	1629	1597	1572	1689	1707
1682	1645	1695	1652	1593	1650	1630	1600	1584	1697	1742
1740	1659	1695	1688	1595	1693	1654	1613	1606	1723	1764
1747	1699	1703	1698	1598	1714	1657	1677	1645	1727	1795
1756	1722	1712	1726	1620	1746	1681	1679	1669	1734	1808
1758	1731	1725	1807	1634	1805	1771	1739	1723	1740	1813
1788	1805	1726	1814	1695	1811	1782	1774	1723	1745	1865
1790	1807	1772	1829	1700	1849	1808	1775	1729	1765	1883
1799	1850	1799	1849	1710	1884	1809	1787	1746	1769	1922
1864	1865	1835	1857	1721	1913	1825	1837	1754	1785	1945
1866	1896	1848	1876	1777	1922	1873	1847	1763	1809	1979
1950	1917	1852	1900	1841	1948	1928	1850	1875	1830	1985
1978	1960	1857	1905	1848	1962	1936	1880	1877	1850	2020
1986	1987	1875	1906	1870	2026	1942	1913	1912	1860	2034
2040	2013	1963	1934	1873	2041	1994	1918	1979	1898	2059
2049	2019	1995	1943	1878	2128	2048	1930	2102	1901	2080
2150	2022	2006	1956	1964	2150	2057	1935	2129	1933	2172
2166	2061	2047	1990	2122	2156	2155	1965	2140	2075	2190
2251	2175	2154	2194	2127	2306	2185	1985	2269	2160	2191
19.96	20.76	20.24	20.08	19.28	19.64	20.4	18.92	20.92	20	20.2
19.96	20.32	19.48	20.36	19.92	20.4	19.28	19.36	19.96	20.48	20.16
20.68	20	18.8	19.64	19.28	19.36	20.6	18.88	21.64	20.16	19.88
20.92	19.16	18.36	19.92	19.72	20.04	20.12	20	20.28	19.88	20.76
20.68	20.96	19.16	20.84	20.16	20.72	20.6	20.2	19	20.28	20.76
21.72	19.48	20.44	19.68	20.08	20.48	20.8	20.56	20.92	21.04	19.84
20.68	19.88	20.52	20.08	19.84	19.24	19.28	19.32	21.88	20.08	20.72
19.6	20.64	20.32	20.52	20.44	20	19.44	21	20.8	21.16	21.52
20.36	20.84	21.04	20.88	19.8	19.88	20.8	20.12	21.24	20.4	20.52
19.68	20.88	20	20.16	20.32	20.64	20.88	19.64	20	19.44	20.08
20.84	20.48	20.2	19.8	19.2	20.44	20.4	19.92	20.44	19.96	20.68
20.64	20.68	21.44	19.92	20.76	19.84	20.32	19.68	19.6	20.6	20.52
20.64	20.48	19.88	20.16	19.68	20.68	21.2	20.32	19.28	19.52	20.04
21.48	20.04	20.24	20.2	19.48	20.24	21.2	20.64	19.76	21.2	20.48
19.76	21.4	19.76	20.72	20.28	20.64	20.64	20.52	20.64	20.32	21.72
20.92	20.44	20.88	21.44	20.12	20.68	20.28	20.2	20.32	20	21.72
20	21.48	20.28	21.12	20.16	21	20.92	19.92	19.76	21.32	20
20.72	20.96	20.12	21.6	19.72	20.08	20.08	20	20.12	20.76	20.28
21.16	20.24	19.76	21.2	19.64	20.44	19.92	19.96	19.4	21.48	21.16
19.76	20.88	20.12	20.44	20.48	20.52	21.32	20.08	20.24	20.84	20.76
20.16	20.12	20.08	20.6	19.52	21.04	21.32	19.8	20.16	21.4	21.28
20.6	21.44	21.8	20.84	20.2	21.12	20.6	20.92	20.36	20.48	20.04
20.72	20.88	20.48	19.96	20.56	21.48	20.56	20.24	20.52	20.32	20.56
20.92	21.44	19.52	21.56	20.32	21.12	20.32	20.2	20.48	21.4	21.64
20.8	20.24	20.36	20.56	20.6	21.72	21.68	22.04	20.8	20.92	20.28
3	previous	instance:	data/B-n35-k5.vrp							
1319	1409	1186	1195	1379	1390	1238	1087	1305	1136	1118
1364	1417	1306	1305	1386	1419	1397	1300	1330	1339	1193
1370	1420	1450	1376	1471	1496	1486	1359	1437	1383	1333
1408	1462	1467	1390	1510	1497	1512	1460	1448	1401	1456
1469	1475	1499	1409	1523	1501	1518	1480	1464	1521	1466
1493	1525	1511	1463	1532	1552	1559	1480	1485	1538	1555
1570	1575	1537	1489	1537	1561	1585	1502	1486	1555	1566
1570	1586	1549	1493	1543	1563	1598	1549	1488	1560	1577
1572	1588	1554	1570	1561	1595	1629	1614	1591	1573	1584
1575	1604	1564	1581	1594	1625	1634	1620	1591	1619	1615
1626	1617	1591	1595	1656	1626	1688	1622	1634	1677	1629
1643	1619	1620	1611	1678	1650	1706	1663	1644	1698	1676
1655	1628	1637	1622	1678	1653	1728	1664	1659	1724	1684
1666	1640	1643	1661	1689	1703	1750	1665	1684	1726	1700
1696	1644	1652	1663	1694	1723	1754	1673	1703	1735	1756
1736	1668	1664	1676	1697	1748	1822	1688	1707	1768	1776
1765	1674	1675	1677	1755	1756	1853	1765	1743	1771	1785
1780	1736	1696	1701	1767	1771	1879	1792	1797	1787	1786
1791	1746	1709	1718	1774	1775	1894	1799	1866	1804	1818
1809	1848	1715	1735	1849	1846	1900	1838	1873	1804	1852
1833	1909	1726	1766	1879	1934	1960	1839	1877	1873	1857
1979	1954	1803	1826	1899	1940	2022	1870	1903	1928	1887
1988	1985	1807	1839	1995	1976	2047	2001	1930	1939	1896
1997	2054	1894	1846	2025	2005	2153	2049	1975	1974	1951
2115	2162	1900	2218	2055	2075	2257	2200	2104	2244	1967
26.68	27.88	25.76	26.48	26.92	27.48	27	25.4	26.4	25.8	25.8
26.24	26.12	26.6	26.96	26.96	27.04	27.12	26.76	25.52	27.64	25.48
27.4	26.6	26.2	25.56	26.56	28	26.44	26.12	26.36	26.56	25.48
25.84	26.4	25.6	26.72	27.4	26.72	25.8	25.88	27	26.6	26.64
25.6	25.84	26.76	27.08	28.48	27.52	25.4	27.44	26.12	27.32	27.44
27.12	27.12	24.76	27.44	26.48	26.88	26.96	25.32	26.04	27.92	26.92
26.24	25.92	27.68	27.48	27.8	26.44	26.72	26.88	26.76	28	27.88
27.36	27.08	26.8	26.12	27.6	27.16	27.32	26.8	27.52	27.56	26.92
26.28	25.84	26.96	27.72	26.88	27.08	26.6	27.2	28.56	27.8	26.56
27.2	25.76	27.56	27.48	27.64	26.2	28.4	26.6	27.08	27.36	27.16
26.28	27.08	26.96	27.16	27.48	27.28	27.16	26.24	28.36	27.44	26.92
26.4	26.88	27.36	26.84	27.04	27.52	27.6	27.48	27.2	26.96	27.56
25.88	27.44	26.68	27.08	27.24	27	27.32	27.68	26.76	27.2	27.32
27.84	27.04	28.08	26.32	27.56	26.64	28.56	28.16	26.96	27.88	27.72
27.48	26.64	26.96	25.76	27.16	27.76	26.6	27.6	28.24	26.96	26.88
27.12	27.12	26.92	27	27.6	26.56	27	27.6	27.4	27.52	26.68
26.08	26.84	27.52	27.04	27.04	27.84	27.56	27.28	27.44	28.12	26.64
26.44	27.68	27.4	26.96	26.92	27.16	26.36	26.76	27.84	28.2	27.12
27.12	27.92	27.4	27.24	26.08	26.96	28	27.6	28.24	26.88	27.2
27.36	27.44	25.88	27.44	26.76	27.12	28.16	27.44	27.24	26.88	26.68
26.8	27.4	27.92	27.8	28.84	27.36	27.76	27.92	28.64	28.04	27.2
27.72	27.84	27.2	27.12	27.36	27.16	26.24	27.4	27.16	27.8	26.88
28.6	27.52	28.04	28.04	27.36	26.72	27.84	26.76	26.28	28.4	29.04
27	26.36	26.2	26.48	28.44	26.44	28.08	27.4	27.64	27.12	25.84
27.16	27.4	27.92	27.8	27.24	27.84	27.44	28.44	27.6	28.16	27.28
4	previous	instance:	data/B-n45-k5.vrp							
2158	2208	2123	1989	2072	2230	2252	2004	1843	2297	2191
2323	2386	2225	2237	2261	2270	2309	2296	2084	2351	2199
2360	2389	2314	2348	2335	2272	2396	2371	2108	2381	2236
2373	2423	2315	2353	2373	2328	2437	2394	2140	2434	2267
2381	2439	2322	2396	2387	2419	2490	2405	2354	2441	2355
2405	2464	2328	2412	2391	2419	2495	2415	2381	2457	2380
2412	2488	2329	2423	2405	2434	2524	2439	2401	2483	2454
2440	2500	2390	2423	2413	2466	2548	2493	2413	2507	2459
2455	2514	2400	2431	2459	2490	2551	2499	2545	2527	2466
2464	2575	2454	2450	2469	2502	2559	2513	2577	2536	2479
2480	2579	2457	2478	2477	2526	2625	2585	2579	2589	2600
2501	2587	2486	2497	2504	2570	2629	2593	2642	2647	2618
2561	2720	2517	2569	2587	2582	2685	2612	2653	2658	2653
2605	2724	2536	2570	2603	2595	2728	2616	2698	2667	2666
2628	2761	2554	2575	2613	2614	2737	2656	2736	2681	2714
2680	2783	2598	2595	2636	2629	2744	2667	2751	2682	2727
2750	2818	2706	2663	2645	2666	2747	2679	2773	2685	2731
2772	2818	2718	2719	2683	2678	2788	2750	2791	2716	2820
2820	2825	2770	2738	2761	2708	2840	2757	2816	2732	2851
2868	2832	2770	2755	2762	2740	2844	2824	2837	2776	2862
2907	2841	2815	2811	2812	2780	2856	2982	2861	2817	2902
2924	2913	2873	2879	2814	2809	2865	2988	2877	2889	2974
3033	2963	2887	2890	2869	2819	3082	2990	2913	2975	2998
3054	3020	2973	2936	2880	2993	3092	2992	2937	2998	3004
3099	3095	3044	3119	3035	3256	3284	3180	2940	3003	3008
44.16	43.16	45.6	43.92	43.36	45.08	44.08	42.96	42.44	44.12	43.4
45.12	43.88	45.56	44.2	44.16	44.76	44	43.4	44.28	45.24	44.44
43.12	45.04	45.56	45.6	44.68	45.04	44.6	44.8	44.72	45.32	44.8
45	43.72	44.88	44.44	43.72	45.16	46.04	44.88	43.44	44.88	43.56
43.4	44.72	45.64	42.92	44.64	46	44.44	46.2	45.68	45.76	44.12
45.88	45.48	43.28	45.8	43.44	45.4	44.92	44.6	44.68	46.24	44.72
43.24	45.56	44.56	44.56	45.32	45.52	45.6	44.48	43.8	46.4	46.6
44.16	45.76	46.52	45.28	44.68	45.68	45.64	44.72	42.68	44.76	44.64
45.2	45.12	44.92	45.24	45.64	45.36	44.08	43.44	44.92	44.64	45.12
44.32	45.92	44.8	45.6	44.48	44.92	45.28	46.32	46.24	46.88	45.04
44.92	46.12	44.96	47.16	44.36	46	45.2	45.64	45.08	45.28	45.08
45.04	45.32	44.96	45.32	44.84	45.88	44.96	44.72	45.16	45.12	45.32
44.44	44.24	46.12	44.16	44.04	45.56	44.72	45.76	44.24	45.6	45.32
45.12	43.56	44.64	45.36	45.92	44.96	45.04	46.92	45.6	45.4	45.24
44.84	44.76	46.08	45	45.2	45.96	45.12	44.32	45.48	46.2	44.56
45.76	45.28	43.72	44.44	43.32	46.04	44.88	45.4	45.16	45.24	44.8
44.28	45.12	44.28	45.52	43.88	45.76	45.76	45.96	46.04	45.92	44.68
44.76	44.88	44.16	45.04	44.8	44.44	46.2	44.52	44.04	45.8	45.12
46.32	45.48	45.32	44.76	44.24	45.08	44.52	46	45.88	45.24	44.56
45.88	46.08	46.04	45.52	46.48	46.08	45.56	46.08	45.04	44.52	46.36
45.92	44.92	46.56	45.6	45.92	46.04	44.68	45.12	45.92	46.48	45.56
44.64	45.52	44.24	45.68	45.92	45.32	46.96	46.36	45.96	44.92	45.92
45.12	44.12	46.32	45.2	46.48	46.12	47.08	46.6	45.68	45.16	45.6
46.04	46.16	45.44	46.36	45.2	46.12	45.88	45.56	45.76	47.72	45.64
46.2	45.4	46.6	45.96	45.64	46.48	45.64	45.96	46.08	46.04	45.08
5	previous	instance:	data/B-n68-k9.vrp							
2275	2336	2329	2292	2231	2413	2278	2335	2440	2526	2443
2349	2424	2536	2360	2304	2621	2351	2552	2499	2559	2452
2455	2461	2629	2431	2485	2644	2536	2564	2505	2610	2519
2528	2516	2657	2455	2489	2647	2542	2577	2549	2692	2531
2629	2565	2726	2532	2563	2662	2548	2592	2627	2713	2587
2715	2577	2728	2568	2599	2693	2556	2595	2640	2722	2595
2725	2595	2736	2605	2669	2693	2582	2600	2660	2734	2671
2752	2610	2747	2621	2722	2710	2636	2605	2667	2762	2751
2763	2620	2783	2626	2755	2728	2654	2653	2705	2776	2781
2780	2666	2817	2634	2761	2761	2716	2662	2707	2797	2803
2790	2683	2818	2645	2771	2779	2719	2681	2736	2832	2834
2796	2685	2831	2690	2777	2785	2727	2704	2758	2840	2875
2853	2700	2843	2695	2794	2802	2756	2730	2803	2852	2881
2878	2719	2874	2706	2803	2812	2835	2780	2818	2853	2891
2941	2722	2896	2820	2814	2841	2894	2781	2871	2872	2900
2944	2759	2908	2861	2889	2842	2900	2804	2905	2992	2924
2993	2791	2921	2861	2958	2912	2945	2828	2962	3053	2932
2999	2829	2934	2904	2979	2950	2965	2847	2967	3059	2989
2999	2903	3057	2917	2985	2951	3017	2861	2975	3062	3022
3006	2903	3069	2925	3074	2993	3020	2944	2985	3091	3087
3009	2953	3154	2927	3177	3027	3039	3017	3092	3125	3096
3139	2996	3162	2942	3214	3068	3068	3068	3101	3153	3102
3180	3262	3251	2960	3302	3086	3072	3129	3119	3189	3132
3229	3435	3255	3144	3352	3157	3129	3166	3134	3196	3184
3276	3693	3300	3282	3413	3525	3252	3231	3435	3381	3553
50.12	53.6	52.16	53	52.56	51.4	52.36	51.12	53.04	52.84	52.04
51.92	52.92	52.92	51.68	52.08	52.96	52.32	51.96	51.8	52.76	52.16
52.84	53.12	53.88	50.36	51.8	53.96	53.4	53.2	51.08	53.04	52.08
52.76	52.64	53.48	53.12	53	52	53.4	52.8	53.52	53.48	53.16
52.64	53.32	52.68	51.4	52.64	53.52	53.04	52.04	53.24	52.72	52.84
52.28	52.88	53.68	52.48	54.04	53.24	52.64	52.96	53.44	53.52	51.72
53.04	52.08	52.76	52.48	52.92	53.24	54.12	53.4	52.4	51.44	51.84
53.68	53.28	53	51.44	52.72	51.72	52.6	52.24	51.6	53.36	53.8
52.12	51.72	54.56	51.92	53.4	53.56	53.36	52.76	52.56	52.88	51.88
51.64	52.68	52.84	51	52.8	52.72	51.6	53.8	51.2	52.72	53.88
52.16	52.4	54.4	51.84	53.96	52	53.56	53.4	53.44	53.56	53.36
52.6	53.16	52.6	52.28	53.28	54.16	53.44	53.4	51.84	54.44	51.96
53.56	52.72	53.84	52.68	52.04	53.16	53.2	53.72	52.44	53.68	52.64
54.2	52.72	53.32	53.48	53.64	53.68	52.32	53	54.36	52.64	53.36
52.24	52.52	53.04	53.4	53.72	52.56	52.96	53.12	53.96	52.76	53.88
53.72	51.64	53.28	52.92	53.24	53.36	52.52	52.96	53.12	54.16	54.56
53.16	53.52	54.2	52.12	53.8	52.8	53.16	53.44	54.2	53.84	53.44
53.92	53.88	53.24	52.84	53.36	52.8	55.24	52.48	54.28	53.6	53.52
53.16	52.36	53.56	52.72	53.32	53.04	53.04	54.2	52.52	54.56	53.2
52.92	53.64	52.72	52.48	54.52	52.36	53.24	52.8	53.52	53.24	53.68
52.68	54.32	54.32	53.84	52.76	51.72	53.28	53	53.64	53.68	52.16
53.96	53.36	54.36	53.56	54.04	52.96	53.04	54.44	54.64	52.84	52.68
54.24	52.6	51.84	51.36	53.68	53.28	53.2	53.8	51.64	54	53.12
52.72	54.76	54	53.28	55.6	53.32	52.64	54.04	53.8	53.04	52.12
54.76	53.8	55.12	53.48	52.76	54.28	53	54.48	55.36	54.08	52.96
6	previous	instance:	data/B-n78-k10.vrp							
950	846	935	900	838	892	772	759	792	811	680
1002	869	960	944	882	911	792	993	838	828	836
1013	918	991	946	893	922	907	1016	847	939	946
1023	944	1024	955	956	944	958	1068	868	999	984
1026	955	1043	1012	974	958	976	1086	1003	1036	1010
1030	1000	1066	1025	1018	960	979	1090	1006	1045	1014
1067	1042	1072	1026	1026	971	1042	1091	1016	1069	1041
1112	1053	1087	1048	1043	986	1062	1111	1020	1085	1056
1126	1059	1100	1051	1065	990	1081	1132	1027	1121	1077
1150	1134	1135	1055	1080	1007	1084	1133	1031	1144	1131
1156	1138	1145	1083	1101	1075	1087	1135	1098	1157	1131
1196	1152	1146	1089	1110	1095	1109	1137	1108	1167	1150
1196	1172	1152	1134	1112	1104	1147	1147	1115	1191	1181
1242	1201	1167	1165	1133	1105	1195	1173	1134	1207	1189
1243	1216	1189	1172	1164	1116	1200	1192	1140	1215	1195
1250	1224	1220	1219	1201	1135	1229	1202	1159	1227	1195
1253	1224	1225	1242	1219	1146	1250	1211	1179	1294	1208
1262	1241	1241	1246	1242	1187	1288	1212	1183	1301	1224
1298	1284	1273	1257	1303	1192	1288	1225	1196	1304	1229
1314	1298	1300	1306	1306	1241	1300	1238	1205	1317	1295
1335	1327	1309	1320	1307	1311	1353	1267	1268	1354	1348
1341	1335	1319	1322	1307	1316	1386	1306	1289	1381	1352
1344	1401	1331	1383	1329	1357	1430	1317	1348	1407	1378
1391	1436	1342	1443	1385	1382	1463	1397	1561	1508	1478
1469	1595	1379	1446	1418	1574	1505	1406	1642	1875	1495
15.6	14.4	13.68	15.52	15.44	14.68	13.76	16.64	13.4	14.04	15.12
14.6	15.52	15.76	14.24	14.76	15.08	15.2	15.52	13.84	15.52	14.16
14.04	17.28	14.8	14.24	15.84	16.12	14.76	14.68	13.16	16.64	14.24
14.76	13.92	13.68	15.48	15.92	15.12	16.28	15.12	14.92	14.16	16.68
16.12	14.44	14	14.6	14.76	16.6	13.92	16.32	13.32	14.6	15.24
16.48	15.92	14.6	15.48	14.56	13.56	14.2	15.32	14.52	15.2	16.6
14.92	14.64	14.96	13.64	14.48	14.24	14.84	16.12	16.28	15.12	14.48
14.28	16.84	14.44	14.96	14.84	15.96	14.64	15.08	14.32	14.48	15.08
14.2	17.52	14.2	15.68	16.2	14.16	15.16	15.16	14.92	14.12	14.12
15.12	14.16	15.84	14.88	15.48	13.72	15.04	14.84	15.04	17.48	15.12
14.72	14.2	15.12	15.6	14.6	14.04	14.12	14.96	13.92	15.76	14.76
13.4	14	15	14.88	14.36	14.76	13.8	15.12	14.08	14.32	15.2
15.28	15.68	15.6	16.52	14.32	15.12	15.84	15.72	14.2	14.96	14.56
16.12	17.04	14.84	14.96	15.32	14.76	15	15.48	16.72	14.36	18.16
13.96	16.44	15.4	15.12	16.04	16.84	17.12	13.84	14.52	15.16	15.12
15.24	14.92	15.84	14.52	14.96	16.4	17.36	15.32	14.6	15.16	14.72
16.76	14.72	15.8	14.76	14.88	14.72	15.32	15.52	13.28	15.04	15.4
16.6	16.68	14.84	16.52	15.08	18.32	14.72	15.48	14.4	14.44	16.12
14.64	14.92	16.32	14.4	15.96	15.4	14.4	14.4	14.4	16.88	14.68
14.76	16.44	15.6	13.88	15.32	15.72	14.36	16.52	14.84	16	14.72
15.56	14.96	15.2	17.12	17.6	14.6	13.84	16.72	14.4	14.96	16.8
14.88	16.16	17.08	16.76	16.16	14.68	15.28	14.52	16	15.12	14.72
15.32	17.84	16.88	14.16	15.56	15.68	15.28	15.68	14.36	15.92	13.92
16.08	16.56	16.44	16.4	15.08	14.92	15.32	15.12	13.96	16.24	15.24
16.84	15.32	15.84	14.88	17.28	16.16	13.8	14.6	14.56	16.6	14.56
7	previous	instance:	data/E-n30-k3.vrp							
920	1044	1009	958	1028	1015	1019	1046	940	952	1011
1029	1080	1036	1037	1036	1111	1028	1066	975	1008	1055
1065	1086	1111	1061	1082	1120	1066	1109	1007	1069	1061
1120	1091	1116	1080	1090	1142	1076	1113	1046	1076	1061
1130	1093	1121	1089	1097	1153	1076	1114	1052	1111	1085
1132	1121	1138	1091	1099	1156	1115	1128	1076	1114	1098
1132	1127	1143	1106	1101	1157	1120	1132	1080	1119	1109
1140	1147	1150	1157	1119	1176	1125	1136	1112	1132	1160
1164	1147	1164	1159	1170	1183	1163	1139	1139	1146	1164
1169	1158	1170	1167	1171	1186	1171	1158	1141	1155	1184
1172	1225	1172	1169	1173	1187	1208	1160	1156	1157	1190
1179	1230	1189	1190	1182	1195	1218	1164	1171	1168	1219
1195	1231	1190	1192	1183	1201	1220	1191	1175	1199	1219
1214	1245	1191	1216	1191	1213	1239	1196	1190	1200	1222
1217	1251	1191	1228	1199	1222	1265	1199	1199	1204	1236
1221	1252	1193	1256	1209	1233	1276	1235	1222	1211	1238
1223	1254	1216	1263	1234	1285	1281	1235	1224	1212	1249
1228	1288	1220	1272	1248	1289	1317	1241	1279	1223	1252
1235	1300	1249	1274	1250	1290	1320	1251	1301	1224	1253
1243	1306	1255	1283	1259	1292	1326	1271	1315	1271	1262
1266	1333	1256	1309	1264	1294	1328	1277	1365	1335	1317
1271	1334	1284	1310	1286	1311	1344	1288	1379	1364	1335
1392	1338	1287	1357	1336	1336	1379	1345	1412	1380	1357
1431	1391	1322	1376	1360	1343	1395	1355	1425	1386	1360
1542	1468	1449	1532	1434	1379	1400	1464	1439	1452	1380
31.4	31.88	31.16	31.32	31.32	31.12	32.12	31.44	31.32	31.48	32
30.08	31.4	31.16	31.88	30.52	31.12	31.44	31.08	30.28	31.56	31.2
31.52	30.84	31.96	32.48	32.08	31.72	31.28	30.44	31.48	31.52	30.04
33	30.96	31.12	31.48	30.8	32.08	30.6	31.28	31.48	31.04	31.48
30.72	32.68	31	31.36	31.08	31.48	30.72	30.56	31.28	31.12	30.72
32.8	30.96	31.64	31.24	30.96	30.44	31.4	30.64	31.56	30.72	29.88
31.24	31.08	31.56	31.8	31.72	31.56	32.04	30.92	31.2	30.2	30.84
31.76	32.6	31.56	30.88	31.24	31.32	31.56	31.04	31.72	31.52	30.44
32.52	32.04	32.52	32.4	31.6	30.76	30.8	31.28	32.08	31.88	31.24
29.96	31.32	31.16	32.52	31.56	31.04	32.48	31.36	30.64	30.68	32.04
31.16	31.76	31.28	31.44	30.92	31.2	30.76	31.6	30.8	31.88	30.92
31.68	32.16	32	32.24	31	32.28	31.52	31	31.64	31.2	30.48
31.72	31.92	31.08	31.6	31.76	31	31.52	32.08	31.72	30.56	31.12
31.28	31.16	31.48	31.4	30.76	32.04	30.24	31.32	31.2	31	32.4
32.04	31.44	30.8	32.4	31.44	30.96	32.44	31.76	32.36	31.36	31.56
31.16	32.88	30.48	32.36	31.52	32.28	32.08	30.88	31.2	31.64	31.36
31.6	32.2	30.76	31.44	31.24	31.4	31.28	31.4	32.12	31.36	32.56
32.08	32.08	32	32.44	31.12	32.44	31.4	30.84	31.72	30.76	31.36
30.16	31.6	32.16	30.72	31.64	32.24	32.88	31.76	31.92	31.76	30.8
32.04	32.48	31.44	31.96	31.92	31.76	31.88	32.32	31.8	31.6	31.08
32.24	30.36	31.44	31.24	32.2	31.56	31.96	31.92	31.52	30.6	32.2
31.92	31.44	32.36	32.44	32.28	31.76	31	31.04	31.28	32.2	31.64
31.48	31.72	32.08	31.8	32.08	31.24	32.04	32.64	31.52	31.16	31.2
31.96	31.52	32.6	33.08	31.48	30.84	31.32	31.56	33.12	31.92	31.56
31.56	32.4	31.84	31.56	31.4	32.24	31.16	31.04	31.56	32.16	32.28
8	previous	instance:	data/E-n51-k5.vrp							
1314	1531	1573	1545	1610	1454	1537	1491	1547	1536	1498
1541	1628	1579	1559	1611	1519	1609	1596	1562	1548	1625
1549	1656	1640	1571	1618	1519	1612	1617	1586	1605	1633
1571	1696	1677	1590	1637	1539	1612	1646	1591	1627	1666
1619	1707	1683	1607	1650	1585	1637	1653	1620	1632	1683
1691	1709	1697	1608	1662	1596	1638	1654	1674	1636	1684
1698	1721	1708	1612	1675	1603	1643	1666	1676	1646	1687
1700	1737	1708	1656	1680	1619	1647	1675	1717	1655	1687
1703	1738	1709	1656	1706	1650	1649	1676	1752	1659	1690
1705	1749	1718	1686	1715	1673	1702	1691	1753	1679	1704
1736	1759	1747	1717	1719	1678	1711	1691	1755	1687	1712
1759	1762	1748	1783	1741	1681	1739	1692	1781	1710	1731
1765	1763	1755	1797	1753	1690	1743	1695	1788	1734	1746
1786	1785	1767	1809	1773	1718	1746	1712	1817	1756	1758
1802	1792	1803	1819	1774	1728	1767	1719	1826	1786	1769
1803	1797	1843	1836	1777	1748	1772	1731	1863	1788	1788
1817	1803	1895	1841	1777	1748	1788	1749	1893	1796	1804
1824	1826	1910	1861	1780	1798	1796	1784	1896	1800	1809
1826	1830	1912	1861	1797	1805	1823	1792	1912	1854	1827
1868	1830	1929	1862	1815	1808	1831	1815	1945	1856	1831
1885	1830	1936	1878	1830	1809	1892	1817	1969	1866	1842
1904	1836	1949	1887	1843	1854	1920	1899	1976	1866	1874
1956	1866	1956	1942	1849	1871	1940	1915	1985	1874	1885
1998	1909	1981	1948	1899	1946	1982	1966	2001	1930	1900
2053	1919	2003	2097	2034	1969	2100	1981	2074	2010	2021
50.24	50.88	51.4	50.76	52.52	51	50.88	50.6	51.32	51.12	49.36
50.4	52.68	50.64	50.84	51.72	50.28	50.56	51.56	48.92	50.24	52.12
50.28	51.88	49.88	51.48	52.08	50.24	51.92	51.56	51.92	50.6	51
51.28	51.36	50.72	51.88	51.08	50.56	51	51.64	50.8	51.68	53.32
50.92	51.4	51.44	51.96	51.96	50.2	50.24	50.96	51.04	51.04	51.36
51.36	52.32	49.88	50.8	52.24	51.68	51.4	51.32	51.36	50.32	51.56
50.84	51.88	50.96	51.48	52.32	51.16	51.2	52.24	50.2	51.08	51.8
52.04	50.96	51	51.16	52	51.32	51.36	51.12	51.52	51.76	51.64
52.68	51.68	50.64	51.84	51.04	50.72	50.8	51.8	52.6	50.68	51.76
52.96	51.68	52.28	51.32	51.08	50.8	52.16	51.4	51	51.6	50.68
51.24	50.36	51.8	52.16	52.36	51.08	50.96	51.52	51.6	51	51.52
51.96	50.8	51	51.32	51.76	50.88	52.44	51.04	52.16	50.88	50.36
51.64	51.92	51.4	51.84	51.52	51.88	51.48	50.4	51.28	52.16	50.56
51.76	52.92	50.56	50.6	52.32	51.68	52.04	50.84	50.88	51.68	51.52
50.68	52.24	51.16	51.8	52	51.84	50.92	51.04	52.2	49.56	51.72
53.08	51.52	51.12	50.6	52.56	50.52	51.52	51.84	51.48	51.4	51.6
52.48	52.36	50.76	52.56	50.96	50.96	50.76	51.2	52.56	52.2	51.8
51.4	51.84	51.48	52.28	52.08	51.4	51.28	51.2	52.72	51.08	51.2
52	52.56	52.04	52.28	52.08	51.4	51.76	52	52.32	51.08	52.04
51.92	51.2	52.4	52.36	50.52	50.68	51.84	52.48	51.48	52.56	51.92
51.6	50.32	50.8	51.12	52	51.96	52.16	51.44	50.72	51.16	51.08
50.44	52.24	51.68	53	51.24	51.6	51	52.6	52.8	50.32	51.96
52.2	51.76	52.84	51.48	51.8	52.04	50.52	50.52	51.56	51.32	51.6
53.24	51.72	51.64	52.04	51.04	52.2	51.36	52.04	52.28	49.64	50.72
51.72	52.56	51.24	51.28	51.16	51.4	51.88	52.04	51	51.28	52.16
9	previous	instance:	data/E-n76-k7.vrp							
707	678	614	630	651	684	693	648	705	634	647
710	701	671	666	717	701	715	653	714	709	658
730	739	710	690	738	703	720	658	739	711	692
741	758	732	691	743	720	722	672	741	727	698
745	758	734	722	747	744	732	680	754	731	710
762	772	736	735	793	759	738	695	757	735	713
766	783	740	736	794	785	739	697	761	757	719
767	788	777	754	797	793	748	743	764	761	730
777	794	779	772	797	796	757	779	769	768	738
778	804	794	775	802	813	758	781	774	772	750
780	819	796	778	805	814	769	812	776	777	751
796	819	797	779	815	816	781	817	787	779	768
799	827	813	785	819	826	790	818	789	790	771
808	832	823	786	828	829	790	821	804	791	800
824	855	833	788	828	832	811	827	821	797	802
824	855	835	790	842	843	816	836	829	819	836
824	856	851	796	864	865	818	844	831	822	837
831	856	862	817	875	870	830	873	846	824	844
839	872	872	820	877	892	842	876	847	829	847
849	879	893	839	882	893	852	879	849	852	855
856	890	918	847	897	894	852	887	863	866	862
860	892	919	852	905	900	859	892	865	869	872
873	898	939	856	908	941	919	910	902	878	909
907	932	1014	917	970	967	934	914	913	910	916
940	985	1093	977	999	1037	1045	950	926	922	1013
43.12	44.8	43.56	44.32	46.6	43.6	42.2	42.52	46.04	42.44	45.48
49.2	46.24	45.32	45.44	46	41.68	43.8	43.6	42.84	43.56	44.84
44.96	43.6	46.6	45.48	44.48	47.72	46.64	45.8	42.8	46.68	43.08
42.6	46.2	40.88	47.72	46.76	48.6	47.4	45.96	43.12	46.04	45.24
44.04	44.8	45.76	45.56	47.16	46.12	46.28	44.56	46.16	44.96	41.32
42.4	48.36	44.32	44.16	43.6	43.4	45.04	42.6	44.64	47.64	41.88
46.12	48.12	43.52	46.2	47	49.12	42.48	45.8	45	46.28	47.4
45.56	46.8	49.44	43.4	44.32	45.04	46.48	43.36	41.92	45.72	45.12
47.88	45.44	47.88	46.36	42.56	46.6	44.44	46.92	43.84	43.32	44.12
46.44	42.24	45.64	44.76	46.04	44.92	45.24	47.72	42.92	42.84	48.28
46.48	46.04	45.56	45	43.16	42.6	44.2	43.2	46.2	46.08	43.36
44.28	46.44	43.36	44.04	44.52	45.12	43	46.32	43.16	44.4	44.84
43.48	44.68	45.52	46.76	47.04	47.4	43.92	45.68	43.48	43.6	46.28
45.4	45.2	44.96	45.84	43.52	44.36	43.84	46.04	47.12	47.88	47.64
45.56	45.76	44.68	42.52	47.52	43.52	46.04	48.84	43.12	42.4	45.8
44.92	45.88	45.84	46.28	43.84	47.6	47.36	45.44	45	44.08	47.72
45.88	47.08	42.48	45.84	47.64	45.24	46.2	45.6	44.12	44.08	45.56
43.32	47.56	45.52	46.68	49.4	47.52	43.52	47.32	47.6	43.32	44.68
46.68	44	47.08	44.92	43.16	46.72	46.2	49.16	46.08	46.08	46.88
44.44	48.04	47.68	42.76	46.12	46.44	47.68	45.76	47.72	44.36	44.28
43.88	47.36	41.68	43.64	43.4	44.88	44.36	46.32	48.12	47.76	41.8
47.56	47.44	48.48	46.6	43.56	42.08	45.36	43.4	43.68	47.84	43.84
47.36	46.44	46.92	42.8	42.48	47	45.44	46.8	45.36	48.04	43.32
49.56	44.36	46.64	48.56	47.64	46.48	46.12	47.04	46.68	43.72	48.12
49.16	47.96	45.44	46.04	45.32	44.8	47.08	46.36	46.12	47.52	48.84
10	previous	instance:	data/F-n72-k4.vrp							
654	644	677	680	662	663	655	660	676	597	686
657	677	695	719	673	694	681	690	691	616	727
712	679	716	736	682	753	697	692	699	702	728
718	684	749	750	691	757	701	692	702	714	741
724	687	756	780	693	761	755	702	708	732	758
735	700	758	782	694	790	759	713	730	740	759
741	712	759	784	702	794	760	732	747	758	759
749	729	770	785	703	799	761	733	747	766	769
752	733	775	804	719	811	764	748	758	786	793
762	734	778	804	750	818	780	787	758	796	804
771	745	803	811	752	819	799	788	791	820	807
773	758	815	814	763	822	800	806	792	828	812
782	759	815	816	776	837	806	812	808	834	817
793	767	819	817	795	845	811	820	813	844	832
795	791	837	827	796	846	827	836	826	845	835
796	792	856	833	801	860	833	850	835	846	838
796	804	866	851	810	867	842	853	847	864	844
811	805	894	852	823	871	857	853	857	869	846
837	829	907	861	824	877	891	866	862	871	853
842	831	919	872	827	880	896	876	879	880	863
850	851	930	879	834	895	899	891	904	892	886
879	857	957	890	840	905	905	900	914	901	921
912	866	974	900	908	911	951	909	915	916	946
932	889	989	943	920	920	953	916	938	931	948
965	984	1007	1009	953	962	1046	933	987	940	1020
42.76	42.6	43.44	44.36	44.52	45.72	48.68	48.36	47.8	47.12	44.64
47.68	41.52	46.72	44	47.12	44.76	46.04	48.12	41.28	47.84	47.28
48.48	47.64	46.84	46.84	44.88	46.68	48.44	45.72	44.6	46.24	42.24
41.84	44.6	45.64	45.48	44.16	45.04	44.04	45.72	44.84	44.32	42.24
48.2	45.08	47.8	45.56	44.48	45.04	42.16	43.6	44.96	45.52	44.4
47.96	44.92	45.8	45.16	45.36	45.08	43.04	46.52	46.04	42.92	47.04
45.96	46.96	46.52	47.36	42.24	46.16	44.08	46.48	45.36	42.08	49.04
45.32	43	47.4	44.16	46.48	46.04	45.4	46.6	44.96	44.28	44
46.84	45.72	48.56	44.2	47.12	43.12	47.64	48.24	45.4	42.28	48.8
43.8	46.76	44.24	47.8	44.08	46.12	47.16	45.64	46	44.96	48.48
42.64	43.4	45.32	45.2	47.52	46.8	42.64	42.72	46.04	44.92	47.28
48.68	43.72	47.96	47.6	45.56	42.68	42.64	44.88	45.8	45.64	43.12
48	44.76	46.64	44.6	42.28	46.64	46.32	43.4	46.72	46.96	45.12
46.48	47.28	47.52	46.48	47.68	49.8	44.2	44.68	48	43.04	43.68
42.96	44.92	47.2	44.8	46.16	47.2	45.88	45.2	45.08	44.24	48.16
49.12	46.08	46.04	45.32	44.32	49.04	48.28	47.36	45.64	43.28	48.16
48.16	47.88	44.96	46.36	43.24	45.76	45.8	46.72	44.84	47.08	45.24
42.52	49.96	44.72	46.2	46.2	45.64	43.72	45.96	46.8	47	47.28
45.32	42.28	46.16	46.56	44.92	47.2	44.04	48.6	47.56	47.44	45.2
43.12	44.28	42.92	43.56	44.68	46.28	44.72	47.56	44	43.4	48.32
47.92	46.28	48.56	45.56	43.16	46.12	47.08	45.76	46.96	43.8	47.32
46.24	46.72	45.72	44.08	45.48	46.28	45.64	46.84	45.64	47.04	46.16
47.2	48.24	46.04	46.2	45.52	46.4	44.52	44.52	47.92	47.68	46.32
47.04	46.48	46.48	44.88	45.08	44.56	46.16	46.8	47.04	48.48	48.2
45	46.44	47.76	44.8	47.16	46.24	47.72	44.12	46.44	48.76	46.76
10	previous	instance:	data/F-n72-k4.vrp							
3400	3386	3539	3037	3420	3374	3373	3321	3272	3183	3579
3561	3420	3783	3425	3425	3431	3376	3440	3409	3589	3742
3632	3665	4002	3519	3514	3738	3388	3514	3563	3752	3769
3709	3722	4012	3521	3685	3863	3401	3547	3576	3983	3791
3790	3860	4053	3884	3816	3868	3450	3684	3636	3983	3819
3877	3931	4099	3906	3841	4011	3560	3741	3644	3991	3856
3909	3950	4101	3964	3866	4108	3640	3898	3682	4012	3915
3957	3960	4118	3970	3875	4109	3916	3899	3698	4038	3949
3957	4018	4148	4037	3965	4129	3975	4002	3741	4047	3961
3959	4026	4260	4078	3976	4152	4002	4092	3819	4064	4008
3977	4050	4288	4195	3980	4163	4040	4143	3948	4070	4039
4004	4080	4341	4222	4117	4173	4077	4167	3960	4147	4087
4066	4102	4352	4228	4135	4202	4089	4169	3962	4153	4102
4078	4108	4363	4236	4209	4255	4137	4184	4004	4238	4124
4091	4109	4399	4236	4232	4304	4141	4221	4007	4261	4140
4134	4157	4446	4264	4240	4320	4174	4239	4186	4276	4188
4148	4189	4487	4310	4272	4383	4214	4260	4260	4286	4225
4245	4297	4573	4358	4297	4511	4242	4306	4270	4325	4268
4262	4390	4607	4385	4369	4531	4295	4459	4344	4353	4321
4382	4402	4638	4390	4411	4613	4365	4460	4380	4411	4338
4383	4405	4644	4476	4451	4748	4387	4553	4626	4436	4466
4462	4670	4646	4478	4452	4876	4416	4633	4656	4453	4469
4545	4738	4815	4534	4530	4912	4428	4675	4698	4825	4646
4573	4932	4898	4715	4628	5089	4628	4676	4758	4848	4866
5122	4995	5218	4760	4637	5190	4952	5064	4844	4900	4902
98.52	96.8	97.6	98.56	97.6	98.4	97.84	96.96	97.56	98.72	97.4
96.96	97.52	98.28	99.32	99.04	97.32	97.92	100.72	96.52	97.08	98.2
97.36	97.56	97.52	98.16	99.08	99.48	98.32	98.52	97.6	95.72	97.52
99.12	98.4	97.32	96.24	97.28	98.68	98.4	96.48	95.16	97.92	99.88
98.44	97.76	98	96.68	97.64	96.4	99.56	97.52	98.52	98.08	98.96
98.84	98.56	97.04	98.24	96.88	98.04	98.44	97.52	97.52	97.88	98.32
97.52	97.08	96.88	98.64	100.16	98.28	95.8	98	96.2	96.72	98.48
97.76	97.68	96.44	99.72	98.84	98.88	98.24	98.2	97.8	97.4	98.2
96.48	97.88	98.76	97	99.24	99.32	98.44	98.8	98.96	96.32	95.6
98.44	99.24	96.4	97.96	97.08	98.92	98.52	94.6	98.12	100.6	100.2
98.24	97.04	94.6	97.32	97.76	98.96	98.16	95.04	98.48	95.08	100.68
97.64	98.92	97.56	99.72	98.56	98.88	97.6	100.08	97.4	96.92	98
96	97.04	98.32	99.48	99.6	97.44	98.36	98	97.92	96.36	99.2
96.52	97.72	100.68	97.32	97.36	99.04	100.08	97.52	96.76	98.6	97.48
97.52	98.88	99.28	98.08	97.52	96.8	99.84	97.96	96.64	97.76	99.24
97.8	97.6	96.88	99.76	100.12	98.56	95.8	98.44	94.24	97.08	96.24
98.04	98.32	98.48	96.36	97.36	97.24	98.84	99.08	96.92	97.24	97.48
97	96.92	98.8	98.16	97.92	98.4	97.72	98.36	100.12	97.36	100.04
97.84	97.24	96.44	96.64	98.4	97.16	96.32	97.36	96.96	96.16	98.04
99.28	98.52	100.8	96.84	99.68	96.32	98.92	100.48	100	98.48	98.28
98.2	99.48	98.24	99.2	98.24	98.44	99.6	97.72	97.04	99.24	98.32
98.56	98.44	98.24	97.12	98.8	100.04	99.12	98.36	97.88	98.88	99.28
97.28	98.84	99.2	96.96	97.88	98.32	96	98.8	97.12	96.76	97.48
97.6	97.92	97.24	96.96	97.12	99.44	98.56	98.84	97.16	97.96	100.28
97.88	99.68	97.28	98.88	97.68	97.76	98.48	97.68	98.56	96.32	95.4
11	previous	instance:	data/F-n135-k7.vrp							
2336	2153	2184	2249	2183	2179	2302	2019	2336	2198	2141
2413	2191	2306	2373	2237	2280	2335	2269	2368	2361	2373
2415	2229	2337	2399	2265	2360	2350	2346	2433	2372	2393
2483	2267	2363	2482	2344	2376	2364	2367	2435	2375	2404
2501	2299	2390	2488	2456	2387	2400	2370	2484	2449	2406
2524	2350	2407	2510	2484	2432	2446	2386	2486	2475	2435
2527	2447	2431	2516	2502	2467	2453	2405	2494	2476	2462
2582	2456	2576	2551	2518	2505	2480	2415	2494	2512	2475
2582	2461	2585	2590	2541	2536	2482	2431	2501	2523	2484
2596	2551	2586	2592	2554	2540	2541	2496	2520	2546	2487
2598	2561	2595	2609	2601	2652	2562	2534	2543	2548	2540
2601	2588	2613	2646	2609	2655	2601	2540	2551	2558	2544
2608	2598	2621	2654	2620	2719	2618	2542	2567	2596	2579
2611	2603	2646	2687	2657	2730	2650	2550	2567	2614	2608
2618	2635	2649	2709	2664	2739	2667	2554	2597	2638	2641
2649	2651	2659	2751	2677	2759	2674	2580	2603	2651	2663
2710	2652	2690	2770	2685	2829	2683	2620	2605	2663	2708
2739	2660	2721	2770	2706	2849	2723	2660	2609	2697	2765
2781	2679	2764	2779	2795	2851	2755	2676	2625	2712	2794
2848	2724	2782	2822	2811	2859	2790	2706	2681	2749	2797
2857	2897	2866	2879	2841	2895	2815	2762	2829	2764	2804
2905	2932	2923	2921	2868	2930	2837	2770	2848	2846	2819
2921	2938	3054	2933	2889	2938	2850	2850	2851	2920	2823
2974	2968	3091	2950	2967	3016	2898	2887	2958	2985	2906
2982	3019	3114	3049	2992	3030	2936	2911	3300	3307	3222
71.32	70.52	71.12	71	71.84	70.16	72.2	70.84	71.76	68.92	70.64
70.44	71.68	69.72	72.36	69.92	72.64	69.8	71.04	72.16	71.16	71.56
70.48	71.96	70.52	71.24	69.48	72.56	71.24	72.6	71.36	69.96	71.88
71	71.88	70.16	71.04	71.36	71.12	70.76	70.36	71.08	71.88	71.04
70.84	71.32	72.64	72.32	70.8	72.12	71.64	72.84	71.4	71	71.2
71.48	70.64	69.72	71.88	70.92	71.24	70.56	71.92	70.96	72.04	71.12
72.16	71.24	71.6	70.48	71.48	71.28	71.6	70.36	71.24	72.08	70.16
71.88	71.04	72.4	71.48	70.16	70.76	71.64	70.64	72.4	73.72	71.52
72.8	71.88	71.52	73.56	72.64	72.2	70.12	70.88	69.88	71.32	71.2
72.64	73.52	72	71	71.76	71.88	70.52	71.8	71.92	73	71.84
71.72	72.4	71.36	71.56	72.6	72.6	71.48	70.48	70.88	72.48	70.92
70.6	70.96	71.84	72.92	71.08	72.6	72.04	71.6	71.64	71.16	71.2
70.8	71.28	70.56	71.04	70.72	71.84	70.84	70.76	70.6	71.36	73
71.52	70.72	71.8	71.92	71.92	71.84	71.96	70.96	71	71.8	71
71	72.56	72.04	70.92	71.8	71.8	70.96	72.8	70.2	72.8	70.6
71.12	70.72	71.32	71.68	70.72	71.84	72.36	69.56	71.68	71.68	72.68
71.2	71.04	71.48	72.2	70.84	72.76	73.08	71.8	72.4	70.6	71.72
72.88	71	71.28	71.68	72.44	71.36	70.84	71.08	73.24	71.64	70.8
73.4	71.44	71.08	72.36	71.4	71.76	72.12	70.88	72.72	71.88	71.6
72.04	73.16	71.12	72.72	72.24	73.12	71.68	71.16	71	71.64	72.04
71.92	74.08	72.76	71.4	72.76	71	72.32	71.2	71.32	71.2	71.16
72.68	71	72.24	71.52	71.8	72.6	72.68	70.72	71.6	72.36	71.6
70.4	72.24	74.08	72.36	72.8	71.84	72.24	71.4	70.72	71.8	71.44
72.32	72.64	73.16	71.96	72.44	71.4	72.84	71.72	71.44	72.32	72.2
72.24	72.44	73.28	71.88	73.04	72.96	73.2	73.6	72	73.48	70.52
12	previous	instance:	data/M-n101-k10.vrp							
3426	3384	3448	3362	3330	2975	3456	2771	2991	3065	3172
3450	3404	3578	3471	3483	3346	3541	3430	3650	3476	3587
3475	3435	3581	3521	3564	3446	3682	3445	3666	3507	3621
3479	3512	3598	3639	3576	3462	3689	3519	3693	3543	3629
3571	3543	3680	3758	3602	3500	3714	3566	3724	3551	3659
3585	3599	3706	3822	3654	3613	3714	3581	3750	3681	3661
3666	3634	3759	3831	3665	3688	3753	3759	3794	3698	3711
3730	3640	3776	3839	3673	3743	3796	3867	3812	3765	3758
3771	3645	3791	3844	3789	3800	3810	3899	3822	3806	3881
3785	3648	3806	3860	3806	3830	3863	3908	3833	3838	3916
3826	3686	3811	3863	3830	3881	3880	3918	3961	3861	3945
3947	3687	3821	3892	3850	3909	3921	3918	4028	3898	3971
3986	3809	3848	3915	3898	3927	3924	3936	4037	3939	4012
3996	3943	3849	3931	3899	4052	3931	3959	4044	3945	4035
4029	3954	3898	3932	4020	4108	4025	3974	4100	3946	4074
4033	3993	3911	3982	4115	4172	4085	3987	4187	3978	4099
4090	4026	3912	3993	4216	4175	4102	4038	4197	4075	4216
4124	4047	3945	4020	4225	4190	4267	4052	4331	4094	4231
4165	4060	4158	4071	4280	4199	4319	4133	4359	4132	4235
4167	4116	4179	4155	4295	4269	4344	4215	4393	4206	4247
4278	4157	4207	4208	4372	4277	4362	4351	4467	4231	4280
4304	4175	4272	4378	4388	4294	4401	4410	4506	4335	4285
4534	4180	4303	4398	4398	4311	4423	4428	4509	4531	4325
4593	4454	4332	4409	4525	4489	4483	4548	4548	4572	4383
4905	4523	4356	4471	4896	4611	4893	4557	4566	4703	4538
85.28	83.84	84.4	84.6	83.6	84.88	84.6	84.48	84.52	84.36	85.28
85.36	84.4	86.4	86.04	85.04	86.8	85.76	84.08	85.24	83.6	84.76
84.6	85	85.4	83.96	85.4	83.72	86.44	85.36	85.8	85.56	85.48
85.24	84.2	83.92	85.44	85.2	85.36	84.44	85.68	83.6	85.36	83.64
85.48	86.44	84.4	85.32	85.56	84.84	84.08	84.88	86.12	85.28	83.64
85.2	84.36	85.12	84.84	85.92	85.28	86.64	85.4	84.84	84.04	85.4
84.68	86.32	85.08	84.84	84.88	85.68	84.76	85.12	85.6	84.92	85.08
85.76	85.92	85.52	84.88	84.76	86.24	84.48	85.6	85.72	85.8	84.08
85.68	84.52	84.68	85.48	84.72	85.64	85.2	83.92	84.04	84.68	85.8
86.2	85.4	85.16	84.6	85.36	85.24	86.28	85.28	85.08	85.28	86.16
85.92	83.56	84.56	86.76	84.76	84.84	85.56	85.56	85.48	85.08	85.96
83.96	85.24	84.6	86.68	86	85.04	84.92	85.48	85.08	84.24	85.4
86.24	85.04	84.84	85.64	85.32	85	85.16	84	85.92	85.88	85.84
85.76	83.6	84.48	85.92	85.52	85.56	85.2	86.08	86.72	86.44	83.48
85.24	83.96	84.84	85.16	84.72	86.16	84.2	85.44	85.48	85.16	86.28
84.32	84.8	85.32	84.96	85.36	85.68	84.12	84.48	84.64	85.2	87.2
87.2	84.12	86.04	85.64	85.48	86.32	84.36	85.88	85.16	84.16	85.2
86.08	85.48	84.88	85.48	84.12	85.36	85.32	85.56	86.12	86	85.12
86.8	86.08	86.32	86.96	84.64	86.56	85.72	86.08	82.88	86.4	86.44
85.08	85.48	86.28	86.24	84.96	86.24	85.48	85.84	86.04	85.08	85.2
85.2	84.84	84.36	86.72	85.4	84.16	84.64	84.68	84.56	85.4	86.36
86.2	84.72	85.4	85.76	85.84	85.36	85.8	85.44	86.52	84.88	85.92
84.56	85.12	86.12	86.08	84.84	85.24	85.12	85.08	84.64	86.92	85.48
84.24	85.6	85.36	86.6	85.52	85.2	83.36	86.16	84.76	85.08	86.92
86.76	85.76	84.76	84.76	86.32	86.32	85.64	85	85.24	86.64	86.76
13	previous	instance:	data/M-n121-k7.vrp							
1492	1445	1438	1370	1401	1432	1459	1510	1468	1477	1498
1504	1537	1475	1491	1470	1439	1495	1513	1492	1518	1504
1540	1577	1475	1522	1573	1461	1498	1526	1582	1572	1529
1573	1594	1500	1573	1589	1461	1530	1600	1584	1579	1536
1587	1613	1519	1598	1605	1525	1578	1645	1597	1590	1548
1588	1615	1579	1624	1637	1548	1584	1650	1599	1591	1561
1595	1638	1581	1627	1653	1566	1634	1664	1599	1596	1593
1606	1660	1601	1630	1657	1591	1653	1670	1628	1609	1597
1618	1670	1623	1632	1672	1605	1660	1673	1636	1620	1606
1625	1672	1626	1637	1674	1633	1671	1695	1637	1628	1621
1646	1682	1628	1643	1703	1642	1675	1707	1643	1682	1657
1650	1688	1656	1657	1721	1693	1676	1744	1651	1687	1678
1699	1690	1666	1667	1738	1699	1692	1779	1654	1711	1691
1709	1692	1672	1693	1740	1707	1740	1802	1684	1716	1695
1757	1713	1677	1703	1740	1747	1752	1821	1703	1718	1711
1766	1724	1694	1717	1746	1752	1757	1838	1715	1728	1718
1769	1734	1736	1729	1775	1758	1769	1842	1734	1751	1742
1787	1762	1769	1778	1796	1765	1782	1845	1750	1752	1793
1791	1790	1769	1778	1813	1772	1789	1866	1781	1773	1803
1823	1790	1805	1817	1834	1790	1792	1901	1793	1780	1827
1829	1793	1845	1924	1842	1800	1796	1927	1797	1832	1848
1834	1852	1851	1924	1864	1812	1812	1963	1830	1840	1849
1851	1856	1922	1926	1865	1845	1929	1972	1867	1861	1922
1899	1930	1951	2058	1897	1895	1955	1978	1878	1882	1937
1959	1934	2086	2107	1933	1955	1983	1982	1901	1915	1969
45.88	46.48	45.44	46.4	46.88	46.08	46.04	46.84	46.68	46.64	47.24
45.64	46.92	46.48	46.96	46.76	46.92	47.48	46.6	46.28	46.64	46.8
46.68	46.4	46.04	47.32	46.28	45.4	46.48	46.32	46.16	46.36	47.2
46.56	46.96	46.2	46.04	46.52	46.28	46.28	47.16	46.36	46.12	45.96
48.16	47.88	45.56	46.16	46.56	47.16	46.2	47.52	47.16	46.04	46.92
46.6	47.28	45.64	47.44	48	46.12	48	46.48	47.68	45.44	46.72
46.88	47.68	44.96	47.24	47.68	47.2	47.48	47.24	45.68	46.2	47.28
46.92	46.04	46.68	46.72	46.92	46.32	46.08	46.96	45.48	46.72	46.36
47.2	46.68	46.6	46.2	46.36	46.4	46.84	47.76	46.76	46.2	46.28
45.44	47.04	45.44	46.56	47.12	47	46.2	48.28	47.44	46.76	47.4
48.32	47.88	47.24	46.08	45.12	47.44	48.4	47.08	46.28	46.76	46.6
47.12	46.24	45.72	46.52	46.96	46.6	47.76	45.72	47.12	48.2	47
46.52	45.76	45.8	46.56	47.44	46.72	46.96	46.92	46.4	46.76	47.04
46.08	46.52	44.72	45.88	47.08	47.2	48.36	47.16	46.76	45.96	47
45.92	47.2	48.04	47.2	48.08	47.24	47.56	47.04	48	48.08	47.4
47.44	47.64	45.84	46.76	46.88	45.88	47.08	48.12	47.68	46.92	47.88
47.36	46.24	46.04	46.36	47.08	46.56	46.84	46.76	45.48	47.2	46.2
47.48	46.16	46.48	46.4	46.92	47.16	45.48	47.32	47.84	46.28	45.52
47.44	46.96	46.32	46.2	48.68	46.88	47.04	47.28	45.84	46.56	48.2
47.48	48.36	45.8	47.8	46.24	48	46.2	47.2	46.88	45.56	46.96
47.6	46.44	46.24	46.72	45.68	46.96	46.8	47.48	46.6	47.56	47.2
46.96	47.6	46.48	47.32	47.24	47.36	47.24	47.32	46.72	46.76	47.56
47.68	46.56	45.72	47.64	48.44	47.48	47.84	47.84	47.08	46.24	47.2
47.24	47.24	45.84	45.6	47	47.12	47.24	48.28	46.32	46.6	47.32
48.12	47.08	48.28	47.28	47.28	47.64	46.48	47.8	46.2	47.8	47.72
14	previous	instance:	data/P-n76-k4.vrp							
1609	1817	1842	1911	1895	1905	1907	1757	1832	1782	1887
1835	1992	1867	1941	2001	1996	1923	2038	1956	1963	1921
1879	2051	1899	1953	2037	2025	1976	2044	1982	1963	1957
1969	2076	1912	1991	2041	2027	1996	2058	2012	1984	1958
2048	2146	1924	2046	2066	2036	2018	2061	2056	2094	1971
2049	2160	1977	2048	2092	2043	2061	2082	2057	2114	1981
2150	2163	2018	2049	2097	2090	2074	2095	2063	2134	2076
2162	2171	2049	2053	2164	2096	2078	2105	2073	2136	2079
2192	2184	2112	2053	2170	2130	2109	2120	2079	2141	2111
2216	2190	2136	2062	2207	2141	2129	2242	2087	2143	2115
2216	2198	2226	2068	2211	2143	2145	2257	2116	2160	2141
2230	2203	2231	2147	2216	2145	2185	2258	2172	2205	2180
2232	2204	2233	2167	2234	2207	2191	2278	2179	2226	2182
2244	2216	2239	2193	2244	2211	2213	2282	2199	2229	2234
2247	2220	2248	2203	2269	2216	2225	2309	2214	2259	2244
2251	2223	2265	2207	2279	2218	2240	2338	2215	2287	2257
2270	2232	2274	2225	2281	2267	2258	2342	2233	2288	2259
2350	2263	2289	2285	2284	2285	2262	2353	2290	2311	2301
2373	2280	2366	2285	2284	2294	2265	2355	2300	2316	2307
2384	2288	2391	2360	2306	2298	2325	2363	2311	2333	2314
2400	2353	2438	2422	2325	2317	2334	2404	2349	2345	2314
2429	2361	2480	2456	2343	2325	2394	2408	2392	2387	2359
2442	2367	2509	2499	2374	2353	2482	2420	2534	2417	2360
2468	2411	2582	2544	2404	2370	2556	2453	2566	2452	2505
2542	2511	2626	2579	2630	2479	2588	2484	2722	2515	2509
63.72	65.28	65.04	64.56	64.56	63.32	63.76	65.84	63.76	64.88	65.2
62.6	65.68	64.08	64.8	63.2	63.84	63.2	65.92	64.56	62.72	65.36
62.92	64.92	62.52	63.64	64.28	65.44	63.2	63.76	63.32	64.48	63.56
65.12	65.04	63.44	63.84	63.32	65.28	63.64	62.96	65.04	64.64	65.04
64.84	64.84	63.48	63.92	64.44	65.4	61.16	64.48	64	62.96	64.16
64.4	64.04	63.16	65.36	64.6	64	64.76	65.48	63.68	64.04	63.36
65.32	64.4	64.32	65.36	63.52	63.76	64.56	64.56	65.12	64.28	63.88
65.56	63.08	63.48	64.88	63.04	63.52	64.28	64.16	63.52	63.52	65.16
63.76	64	64.32	63.44	65.16	65.36	63.88	64.56	63.72	65	63.2
64.96	65.32	66.04	63.68	64.48	65.28	64.96	64.44	64.68	62.6	65.48
65.2	64.6	62.68	64.24	65.12	64.96	63.68	64.44	64.12	63.52	64.68
64.84	65.2	63.64	65.04	64.68	64.8	63.88	64.56	63.6	65	64.52
65.88	63.36	64.04	62.84	64.68	65.16	64.8	64.28	63.96	63.48	64.84
65.48	65.24	65	64	64.8	63.92	64.44	63.32	63.8	64.64	66.16
64.2	64.32	63.88	64.88	64.4	64.6	64.4	63.24	64.84	64.48	65
65.2	64.28	64.4	64.64	65.32	64.04	64.2	65.16	65.96	64.52	64.24
64.32	64.28	63.76	63.36	65.16	62.72	64.76	63.48	65.64	63.96	63.64
63.84	64.48	64.28	63.44	64.2	64.32	63.12	64.52	65.04	65.2	65.64
62.84	64.76	64.28	65.84	65.64	63.48	63.4	64.32	64.72	64.08	63.32
64.96	64.68	64.44	64.6	64.32	65.32	63.96	64.8	65.04	63.36	64.76
64.72	64.8	64.28	64.36	64.64	64.32	63.72	64.56	62.88	65.8	65.16
64.56	66.2	65.44	62.6	64.68	63.08	63.92	63.96	65.12	63.88	65.12
65.08	64.6	64.28	64.68	64.48	64.32	65.12	64.32	66.4	65.12	64.32
63.44	65.08	63.88	66.48	64.48	65.6	65.16	63.16	64.2	64.84	64.68
64.92	66.04	64.24	64.88	65.36	63.88	63.64	64.44	64.68	64.32	65.16
15	previous	instance:	data/P-n101-k4.vrp							
