746	746	759	730	707	738	703	721	728	738	703
748	751	768	748	715	746	750	729	742	741	738
758	751	775	758	746	746	782	729	746	764	743
764	781	788	758	750	748	782	729	748	770	746
768	783	795	770	792	750	783	742	758	773	749
776	790	815	775	793	762	787	748	773	776	751
783	797	815	779	800	763	788	749	788	778	756
787	802	823	790	804	769	789	758	797	781	763
806	817	823	791	805	776	791	786	805	783	767
824	818	824	800	806	776	800	791	812	799	804
825	821	829	801	807	776	812	807	813	820	807
826	824	829	807	808	796	818	813	814	823	819
826	829	829	824	814	798	821	814	819	824	821
826	829	830	834	819	800	827	827	833	825	824
829	832	830	834	828	804	829	828	834	829	825
835	835	845	836	831	807	830	829	836	829	829
836	838	848	837	835	819	834	829	837	829	829
845	838	855	845	841	821	836	829	838	835	834
854	838	856	848	846	829	838	838	845	836	849
856	839	865	849	857	829	840	840	855	857	857
864	857	873	853	858	830	845	850	865	858	858
864	880	893	862	866	845	847	856	895	862	869
886	886	895	863	873	849	850	857	903	864	891
895	892	896	863	882	849	858	870	906	902	901
899	918	897	864	943	874	934	884	933	928	944
5.24	10.08	8.8	8.6	7.64	7.12	8.88	9.2	7	8.8	8.76
7.04	9.6	7.88	7.2	7.04	6	6.24	6.04	8.88	7	11.72
7.96	7.72	9.32	9.48	8.6	9.36	8.6	6.72	6.08	11.08	7.96
6.96	7.84	7.68	7.36	9.6	6.56	6	6.04	6.56	8.68	8.64
6.16	9.56	8.48	9.08	7.12	7.04	7.04	8.76	6.8	14.88	9.36
6.88	8.12	12.52	8.04	10.04	10.4	7.08	7	9.24	10.16	10.08
5.24	8.24	13.04	11.8	11.04	7.92	6.4	6.84	6.08	10.72	10.44
7.96	8.4	9.92	6.56	11.44	8.76	6.92	9.04	6.08	7.88	9.84
6.52	9.8	8.8	9.68	9	7.88	8.96	8.52	10.84	7.24	9.76
7.88	10.28	10.68	13.76	7.12	7.32	7.04	6.52	6.8	11.6	12.32
16.88	9.52	6.8	8.28	11.12	7.88	7.16	6.56	10.68	14.4	8.32
8.12	11.16	6.8	7	7.12	7.92	8.92	9.28	11.6	12.68	12.36
7.24	6.92	6.8	10.84	12.44	10.16	10.04	6.64	7.08	11.64	10.16
8.12	6.92	8.28	10.24	7.96	10.52	11.76	8.44	7.04	10.4	11.52
6.12	12.12	12.68	7.36	9.88	6.52	7.2	8.44	6.8	7.52	9.92
10.48	9.24	9.12	7.2	7.56	8.16	7.4	7.08	11.64	7.52	8.16
5.8	10.6	10.6	8.76	12.04	7.24	8.16	7.08	6.88	7.56	8.16
11.04	6.92	10.4	6.56	9.28	9.6	9	7.08	10.88	9.32	10.2
5.28	6.92	6.8	10.2	10.12	6.4	6.24	12.48	6.28	12.68	10.48
8.24	7.32	9.32	10.4	9.88	6.4	7.08	12.48	14.32	12.76	11.28
7.84	10.16	10.32	9.44	7.96	9.32	11.8	9.76	10.16	8	11.96
10.92	9.4	10.32	8.6	9.32	7.04	7.2	8.88	9.2	11.84	7.92
6.12	6.92	6.8	10.24	7.56	12.04	7.2	9.92	7.8	10.8	9.16
6.12	9.08	14.88	10.24	7.56	10.36	12.16	11.48	11.24	13	10.04
6.92	15	6.8	10.24	12.64	13.12	10	8.84	10.16	11.96	10.4
0	previous	instance:	data/A-n33-k5.vrp							
1142	1079	1120	1154	1135	1096	1088	1156	1096	1127	1113
1145	1127	1134	1157	1153	1122	1142	1162	1147	1150	1140
1145	1140	1138	1160	1171	1141	1144	1176	1168	1157	1140
1153	1149	1145	1178	1172	1161	1154	1180	1172	1157	1146
1158	1164	1158	1179	1174	1178	1163	1181	1176	1162	1169
1182	1201	1182	1187	1180	1180	1185	1196	1176	1183	1171
1182	1202	1188	1187	1183	1183	1185	1201	1177	1190	1177
1188	1203	1196	1197	1184	1183	1188	1204	1188	1192	1183
1188	1207	1198	1204	1184	1195	1201	1205	1192	1194	1183
1193	1208	1199	1205	1187	1201	1223	1208	1192	1196	1184
1201	1210	1201	1206	1198	1205	1225	1209	1192	1198	1197
1208	1214	1216	1211	1204	1207	1231	1211	1202	1201	1202
1209	1220	1218	1221	1212	1209	1235	1214	1204	1203	1210
1214	1220	1221	1225	1213	1209	1246	1216	1216	1210	1213
1216	1222	1227	1226	1223	1214	1251	1217	1216	1214	1214
1227	1227	1232	1229	1223	1218	1264	1219	1218	1215	1214
1228	1228	1241	1244	1226	1219	1266	1223	1233	1220	1228
1237	1230	1247	1245	1268	1220	1276	1249	1246	1226	1231
1261	1247	1254	1262	1269	1235	1281	1254	1246	1234	1255
1262	1254	1259	1262	1270	1240	1292	1257	1264	1238	1261
1263	1259	1265	1266	1274	1280	1296	1270	1275	1248	1282
1276	1271	1269	1272	1279	1281	1303	1274	1282	1263	1295
1279	1280	1302	1281	1298	1286	1308	1278	1284	1269	1310
1280	1293	1302	1283	1303	1289	1313	1294	1288	1298	1327
1287	1313	1316	1294	1306	1391	1317	1352	1298	1321	1335
18.36	17.64	20.88	13.88	14.6	21.48	20.44	12.28	16.2	22.92	19
21.96	19.44	13.08	13.32	21.6	14.52	13.2	12.16	14.04	17.68	10.88
18.92	17	22.6	14.84	16.96	19.76	18.08	19.64	12.52	11.68	12.72
21.64	13.36	12.52	16.2	20	22.96	14.88	18.96	16.96	9.92	16.68
18.32	12.08	20.48	15.28	16.56	12.68	15.12	13.44	17.56	19.36	15.56
12.92	9.96	12.12	11.68	21.56	15.36	16.84	10.08	18.28	11.68	19.04
13.76	10.64	17.24	13.56	13.44	15.36	13.48	9.76	12.04	10.44	16.24
12.6	20.32	13.32	10.84	18.4	12.76	13.4	10.2	10.08	11.4	13
12.08	18.08	13.96	11.36	20.52	14.72	17.36	17.92	18.92	10.16	13
12.6	14.2	12.72	12.28	20.48	11.28	13.76	14.44	10.08	13.92	10.64
11.96	11.16	15.08	14.48	20.68	11.88	13.28	11.44	11.96	11.32	14
14.32	11.28	14.64	14.68	16.04	14.56	11.6	10.04	15.52	9.8	11.24
13.56	13.04	19.92	18.88	14.68	13.16	18.2	9.68	12.72	16.84	14
12.92	11.08	12.16	12.2	13.04	13.16	19.48	9.68	16.96	9.72	11.04
14.92	13.48	12.48	12.44	18.44	12.64	13.2	16	10.32	16.96	10.68
18.64	10.6	12.44	12.52	14.4	11.28	12.44	14.04	14.72	9.72	10.2
13	11.44	14	11.6	13.04	11.64	12.36	9.68	11.96	20	14.4
16.48	11.6	14.68	19.08	14.52	13.64	13.84	22	11.64	14.16	12.64
15.12	15.16	16.88	18.96	16.92	18.84	13.4	11.56	14.68	11.04	15.56
19.68	15.64	20.4	17.28	18.52	17.76	13.8	11.2	15.28	11.76	13.76
17.84	15.52	15	13.96	13.56	13.84	12.04	16.92	17.64	15.12	13.16
16.04	19.4	16.92	16.2	16.36	16.4	12.36	10.08	13.12	11.4	14.88
14.92	15.52	13.28	16.88	19.36	18.32	14.4	10.08	15.8	15.16	13.56
21.52	12.84	16	15	13.4	21.8	14.76	18.08	17.68	16.64	16.44
18.64	14.64	18.4	16.44	15.12	13.76	13.88	17.04	16.4	13.56	12.08
1	previous	instance:	data/A-n46-k7.vrp							
1519	1510	1509	1525	1516	1513	1495	1547	1500	1551	1518
1549	1510	1514	1530	1540	1520	1533	1564	1506	1562	1527
1560	1526	1539	1531	1570	1530	1545	1564	1530	1563	1556
1565	1527	1543	1536	1570	1542	1555	1573	1552	1565	1557
1567	1564	1559	1545	1573	1570	1568	1577	1559	1566	1572
1573	1568	1563	1567	1586	1572	1570	1578	1561	1575	1578
1574	1579	1563	1570	1589	1572	1574	1581	1571	1578	1586
1576	1583	1565	1577	1590	1580	1577	1585	1575	1584	1588
1587	1585	1565	1582	1591	1584	1586	1587	1587	1585	1588
1589	1589	1567	1594	1596	1584	1590	1588	1588	1586	1590
1596	1590	1569	1594	1597	1592	1596	1598	1589	1590	1590
1597	1592	1573	1601	1603	1596	1604	1600	1591	1595	1592
1607	1593	1575	1605	1619	1603	1605	1602	1597	1598	1597
1611	1599	1582	1612	1620	1608	1612	1603	1604	1598	1602
1612	1607	1584	1616	1622	1611	1613	1609	1607	1599	1604
1612	1609	1588	1616	1623	1611	1614	1614	1612	1605	1609
1615	1617	1594	1625	1625	1625	1619	1624	1614	1612	1612
1619	1623	1606	1631	1632	1631	1622	1624	1620	1614	1616
1621	1624	1609	1632	1641	1632	1625	1633	1626	1621	1617
1629	1628	1629	1646	1645	1645	1631	1639	1628	1629	1619
1661	1629	1640	1648	1658	1658	1637	1648	1633	1641	1625
1671	1630	1647	1651	1659	1670	1639	1650	1642	1643	1628
1673	1634	1647	1681	1679	1687	1686	1653	1657	1648	1636
1674	1637	1723	1684	1714	1688	1689	1678	1658	1699	1669
1681	1653	1744	1690	1734	1691	1743	1695	1749	1759	1707
14.24	14	19	16.56	16.68	16.48	15.48	19.28	16.56	14.76	17.2
17.36	14.04	20.04	14.04	15.64	18.96	18.08	16.04	16.24	17.12	17.16
17.04	14.4	18.24	18.04	21.16	20.44	17.64	17.68	19	17.4	19.12
16.2	16.4	21.2	18.8	18.52	17.72	19.92	26.24	18.56	16.36	22.04
23.52	18.72	25	18.6	17.04	19.72	18.08	19.24	20.04	19.92	22.28
23.2	19.64	15.92	17.32	19.64	21.44	19.72	19.16	24.08	19	18.88
21.36	17.2	19.96	18.76	20.2	20.92	17.16	19.8	23.68	25.2	19.6
17.88	19.8	23.32	18.92	20.8	22.96	23.08	20.88	18.92	16.44	19.24
22.96	17.08	17	17.44	23.48	18.08	22.04	21.44	18.28	20.44	21.2
19.8	19.28	20.44	16.92	22.32	21.08	18.12	19.4	25.48	23.24	23.6
17.28	15.84	19.32	19	17.88	22.48	17.6	16.96	17.36	16.6	17.2
14.8	20.12	16.8	19.48	18.04	19.92	20.76	25.68	25.16	16.2	24.08
17.08	19.24	19.84	20.04	17.08	18.84	17.84	21.16	23.08	26.52	26.08
18.56	20.76	20.96	19.8	21.72	19.4	21.68	18.72	19.64	20.04	23.56
23.76	17.84	23.32	17.56	27.84	20.68	16	23.36	19.04	17.72	20
21.2	15.96	16.24	17.6	16.64	17.6	21.8	20.72	18.04	20.04	21.68
21.28	14.92	17.32	21.6	16.68	22.8	20.28	20.56	26.44	22.08	19.04
19.56	15.52	14.96	18.12	18.08	21.48	16.16	19.92	21.28	17.32	18.28
16.6	16.88	20.24	20.4	24.32	24.76	18.4	25.68	24.04	17.12	22.32
19.72	19.28	15.72	17.92	19.32	20.12	15.92	17.96	20.64	22	18.28
19.16	25.32	15.44	21.08	18.76	17.28	18.36	18.04	17.44	20.2	20.32
21.64	21.72	18.44	16.48	17.52	20.56	22.48	17.48	19	25.48	19.48
18.88	17.8	23	22.04	19.68	27	21.56	18	18.04	22.28	26.8
26.96	22.84	23.76	17.36	23.92	18.36	16.56	21.32	18.76	17	19.52
22.28	16.84	22	23.36	22.64	20.44	24	29.04	22.88	23.88	19.04
2	previous	instance:	data/A-n60-k9.vrp							
1034	1033	1041	1016	988	1036	1006	1025	1038	1031	1021
1040	1040	1042	1024	1033	1042	1025	1046	1040	1043	1039
1042	1044	1042	1033	1039	1047	1039	1053	1042	1045	1040
1042	1045	1053	1040	1042	1049	1042	1056	1042	1047	1042
1043	1047	1056	1044	1042	1057	1042	1056	1046	1047	1042
1043	1049	1056	1053	1057	1058	1043	1058	1048	1048	1042
1047	1051	1056	1056	1059	1064	1051	1063	1050	1050	1043
1048	1056	1058	1058	1061	1067	1053	1066	1052	1053	1052
1052	1060	1058	1064	1065	1067	1055	1067	1054	1055	1056
1053	1061	1062	1065	1065	1068	1060	1068	1055	1059	1058
1057	1063	1062	1065	1067	1073	1063	1068	1058	1061	1058
1058	1067	1067	1066	1071	1074	1064	1071	1061	1067	1059
1059	1067	1068	1068	1071	1078	1066	1072	1061	1067	1060
1060	1067	1068	1069	1072	1079	1067	1073	1063	1067	1061
1061	1073	1068	1078	1074	1083	1068	1075	1067	1070	1061
1063	1077	1070	1082	1078	1083	1069	1077	1081	1071	1066
1065	1077	1074	1083	1078	1085	1069	1079	1085	1071	1068
1066	1084	1074	1084	1079	1085	1080	1079	1087	1077	1068
1071	1085	1076	1085	1084	1086	1083	1083	1089	1084	1073
1074	1086	1077	1085	1085	1086	1083	1087	1093	1085	1074
1085	1088	1082	1088	1097	1086	1084	1088	1095	1087	1081
1088	1089	1084	1089	1097	1088	1088	1092	1100	1089	1086
1098	1091	1088	1090	1114	1089	1092	1094	1111	1092	1094
1131	1127	1130	1108	1128	1093	1113	1144	1122	1101	1097
1161	1139	1137	1108	1143	1094	1133	1150	1145	1107	1126
10.44	9.6	9	11.64	10.72	9.92	9.88	12	6.84	9.92	10.68
8.4	10.68	5.56	13.64	11.52	8.36	10.24	11.8	7.8	10.48	10.52
6.48	10.92	5.56	9.76	9.4	10.36	9.96	9.08	7	8.84	9.64
6.48	9.08	5.56	8.96	8.64	10.52	7.68	9.72	7	11.32	6.52
9.48	8.04	5	8.96	8.64	8.8	7.68	8.2	7.8	10.04	6.52
7.96	9.24	5.32	7.2	13.72	10.36	8.72	9.96	7.16	8.96	6.52
6.48	7.6	5	6.48	11.44	9.4	8.08	9.72	7.04	8.44	9.64
10.44	12.56	5.32	10.68	8.6	8	9.6	9.48	6.8	10.6	6.52
14.12	8.76	8.08	8.32	8.8	7.72	9.4	8.2	6.72	10.04	7.2
6.48	8.04	5.32	6.6	8.64	8.96	7.68	8.2	12.2	11.52	8.92
9.48	8.76	8.56	6.6	8.24	11.28	9.32	9.4	6.84	10.84	6.76
7.32	7.56	11.04	6.48	9.12	9.32	8.52	11.4	7.32	8.8	12.32
8.44	8.88	5	7.2	12.48	10.28	8.88	9	6.84	9.12	6.52
6.48	8.12	5	6.48	12.52	11.16	7.76	9.4	6.48	10.64	6.52
6.48	10.52	5	6.48	11.04	8.64	8.52	10.64	7.6	9.8	13.72
8.44	9.12	8.08	11.44	9.84	8.96	11.4	8.2	7.8	8.72	7.4
7.36	9.12	11.32	10.04	8.6	8.4	8.44	9.52	12.24	9.08	9.2
8.72	12.8	8.52	8.96	11.32	9.04	9.84	9.52	11.52	9.8	8.64
12.8	11.68	5.88	10.04	10.6	9.56	8.12	11.8	6.72	10.44	9.36
7.36	8	5.6	12.2	8.92	11.92	8.12	9.32	6.24	11.12	11.12
10.88	10.32	8.68	12.72	10.16	11.16	11.84	11.8	11.92	9.76	9.64
12.52	10.96	10.92	7.92	8.68	10.08	10.96	9.32	6.28	10.8	12.84
7.04	14.64	9.76	10.2	10.88	9.04	7.84	10.12	10.04	11.12	11.28
9.88	8.96	7.68	6.48	9.08	9.04	14.12	10.8	10.72	10.04	6.76
12.68	9.04	10.92	6.48	10.96	8.64	9.52	12.72	12.28	10.6	10.88
3	previous	instance:	data/B-n35-k5.vrp							
802	792	802	794	794	800	792	792	801	804	818
803	799	810	795	812	809	799	797	834	807	818
818	818	829	821	821	837	803	826	840	807	824
822	844	852	840	822	838	820	829	840	808	838
845	854	862	840	837	844	834	837	847	824	840
857	867	864	852	838	847	858	842	851	832	841
860	877	864	852	838	855	861	845	853	835	859
863	878	865	857	848	855	862	847	860	842	864
865	882	866	859	854	857	865	852	863	843	869
865	882	866	864	855	858	865	863	866	843	870
877	883	866	864	858	862	867	872	866	845	874
877	884	868	868	866	863	868	877	870	846	875
878	885	872	868	869	864	869	881	870	856	876
882	886	878	876	869	871	876	884	870	860	880
883	888	881	878	870	873	882	887	875	862	884
884	890	881	881	889	874	882	888	882	865	885
884	890	887	887	902	882	884	891	884	868	885
885	891	891	889	904	893	884	891	885	872	887
889	899	895	890	913	900	884	892	890	876	887
898	904	903	891	923	903	885	897	893	884	889
908	929	924	896	929	922	893	912	930	888	908
924	931	931	908	934	932	901	916	932	900	935
933	932	934	911	934	935	904	934	935	913	937
938	936	937	934	935	942	932	934	938	915	937
941	941	947	944	938	948	935	946	941	922	940
15.36	14.08	14.52	16.2	15.36	14.36	14.48	14	15.08	12.08	15.28
14.96	13.92	15.08	17.44	15.68	14	13.24	14.08	14.92	13.4	13.68
13.24	15.2	13.24	17.08	15.92	15.92	13.68	14.08	16.84	13.52	14.92
17.36	13.52	13.72	16.44	15.92	15.92	16.8	12.88	16.84	12	14
17.6	14.8	10.68	16.44	15.4	15.12	17.2	17.12	12.76	14.12	15.92
16.04	14.36	10.96	15.48	15.4	14.04	16.2	17.16	16.04	13.04	16.2
17.72	19.84	10.96	20.48	15.4	16.68	14.36	14.28	12.08	14.24	14.88
17.52	14.2	10.08	14.32	12.56	15.72	12.4	15.68	17.92	13.4	12.36
16.56	13.28	10.96	13.08	17.08	16.96	14.96	15.8	12.64	13.16	12.68
15.12	13.28	14.04	14.68	14.84	12.8	13.76	12.72	17.8	13.12	12.68
23.2	13.28	10.68	17.16	12.92	13.96	14.08	15.6	15.12	14.24	15.92
19	19.32	18.36	14.28	14.84	13.96	14.8	15.2	14.96	17.32	14.36
15.04	22.24	10.96	15.32	15.52	14.36	13.68	12.88	14.36	14.08	15.08
12.24	16.48	10.96	14.68	15	16.24	15.16	15.68	15	16.48	15.28
15	18.96	12.52	14.56	14.84	12.88	16.12	12.88	14.16	16.08	13.8
15.6	15.2	15.84	20.68	20.2	14	12.68	12.88	11.6	14.72	16.12
12.24	14.64	12.52	12.6	17.08	15.92	12.68	12.88	11.6	13.44	13.8
12.24	14.64	12.52	12.6	15.6	11.52	15.44	12.88	12.84	16.08	14.44
12.24	13.96	13.2	12.6	14.4	20.04	12.84	12.88	19.8	13.56	14.44
15.2	16.2	20.76	12.6	13.32	15.88	12.68	15.68	17.04	21.36	13.8
17.28	15.92	13.2	19.16	14.4	12.64	17.24	14.92	16.52	16.88	16.4
13.84	14.36	12.28	15.64	14.92	11.52	15.72	25.16	19.76	17.84	16.8
14.4	13.28	17.44	19.48	12.76	11.52	15.72	12.88	11.6	18.24	13.8
12.24	13.28	16.36	12.6	12.76	11.52	12.68	19.88	11.6	18.24	13.8
12.24	13.28	12.52	12.6	12.76	11.52	12.68	19.68	11.6	17.4	13.8
4	previous	instance:	data/B-n45-k5.vrp							
1360	1368	1360	1349	1360	1372	1361	1357	1366	1365	1358
1364	1369	1360	1361	1369	1375	1364	1361	1368	1366	1360
1369	1369	1375	1366	1370	1376	1364	1367	1369	1368	1370
1370	1373	1377	1367	1370	1377	1366	1377	1373	1368	1372
1377	1374	1385	1370	1382	1379	1369	1378	1374	1370	1374
1385	1375	1387	1381	1382	1385	1374	1380	1378	1371	1376
1393	1377	1388	1382	1392	1385	1379	1381	1382	1383	1379
1400	1379	1393	1383	1393	1388	1382	1383	1384	1384	1384
1402	1379	1396	1387	1395	1388	1385	1384	1392	1385	1386
1406	1382	1398	1388	1402	1390	1390	1386	1398	1389	1387
1406	1382	1399	1388	1403	1395	1394	1387	1401	1391	1388
1407	1388	1403	1390	1404	1398	1397	1388	1401	1392	1393
1408	1395	1409	1390	1406	1399	1399	1392	1402	1394	1394
1409	1396	1410	1391	1410	1403	1403	1394	1409	1395	1396
1421	1397	1411	1404	1412	1408	1405	1396	1410	1395	1397
1423	1401	1413	1409	1412	1410	1408	1401	1413	1396	1407
1424	1402	1419	1411	1415	1418	1415	1402	1416	1397	1408
1432	1406	1421	1422	1418	1437	1416	1409	1432	1398	1409
1442	1408	1423	1430	1427	1454	1420	1413	1439	1401	1413
1444	1415	1428	1431	1444	1465	1420	1414	1445	1407	1415
1444	1417	1433	1469	1450	1468	1421	1415	1449	1410	1416
1458	1441	1443	1479	1454	1478	1424	1419	1461	1419	1455
1467	1444	1462	1479	1460	1482	1433	1440	1476	1452	1461
1486	1463	1493	1498	1465	1496	1443	1473	1484	1474	1487
1493	1554	1509	1502	1481	1519	1467	1505	1509	1494	1498
13.88	16.2	12.92	24.44	14.96	16.08	12.88	15.28	18.08	13.4	15.68
14.96	12.08	12.92	12.28	14.28	16.44	13.24	14.6	16.84	12.2	13.96
14.4	16.28	12.88	17.64	15.2	17.24	13.24	18.68	17.32	19.4	14.04
14.96	16.64	26.2	13.16	17.68	23.44	12.92	15.92	18.04	11.28	18.08
15.08	14	14.4	12.44	18	17	14.32	18.56	17.12	11.64	17.76
14.44	17.16	12.6	12.2	14.28	19.2	12.8	18.52	23.52	12.76	13.96
21.6	11.92	23.16	12.2	25.56	20.96	13.88	15.8	15.92	11.48	16.52
15.64	13.56	17.56	13.12	15	25.36	12.36	21.44	16.88	20.64	13.68
18.4	17.24	14.64	14.48	18.56	20.68	15.08	17.68	18.44	13.36	16.52
18.32	19.32	18.48	11.96	24	23.2	16.52	17.04	21.76	19.52	15.72
19.68	13	21.16	13.84	18.52	16.76	18.4	19.48	17.44	16.92	19.88
16.48	15.16	16.72	15.56	15.64	21.92	18.36	16.68	19.36	13.16	14.28
16.92	18.16	18.64	14.16	22.76	18.96	16.08	25.2	16.52	15.6	16.28
17.84	12.36	15.96	13.12	22.72	24.04	18.68	16.56	20.56	26.32	16.68
16.84	11.92	17.72	13	14.72	18.4	15.76	23.84	19	16	20.84
20.16	20.28	12.72	20.36	21.6	26.92	23.36	15.92	19.52	17.12	15.36
22.08	13.12	12.76	16.24	21.2	17.48	24.48	14.96	19.08	17.32	23.76
23.2	19.72	13.96	19.64	23.44	18.24	17.84	16.64	18.84	17.4	19.56
22.12	20.52	14.8	15.4	14.92	22.64	14.44	19.04	17.84	11.32	15.08
19.44	22.64	20.96	20.68	16.84	22.92	17.52	23.88	18.16	19.68	23.28
16.36	14.72	16.92	20.04	23.44	18.28	20.2	14.2	21.8	23.12	17.48
21.2	21.8	18.36	13.12	18.84	18.6	23.36	16.52	25.16	23.76	20.04
19.8	27.04	19.56	21.32	16	18.08	17.52	14.96	17.88	20.12	21.56
19.92	22.32	23.96	27.76	17.76	18.6	19.56	20.48	18.64	16.96	16.84
23.08	27.16	20.6	17.48	17.04	20.92	21.48	18.6	20	22	17.92
5	previous	instance:	data/B-n68-k9.vrp							
1310	1314	1305	1323	1297	1302	1309	1309	1311	1307	1314
1318	1317	1309	1326	1303	1305	1311	1313	1316	1308	1322
1318	1321	1309	1328	1315	1307	1324	1313	1321	1315	1322
1322	1321	1320	1329	1321	1314	1328	1314	1328	1323	1326
1322	1329	1323	1337	1324	1315	1329	1314	1331	1337	1326
1324	1329	1329	1337	1331	1320	1335	1315	1345	1338	1331
1325	1333	1329	1340	1335	1321	1335	1318	1348	1342	1336
1330	1333	1333	1342	1335	1324	1336	1318	1353	1347	1354
1332	1337	1334	1344	1346	1327	1339	1321	1354	1365	1354
1333	1338	1334	1346	1350	1331	1340	1323	1356	1367	1359
1344	1347	1336	1348	1352	1331	1340	1327	1359	1370	1360
1344	1348	1339	1348	1354	1332	1351	1339	1362	1372	1363
1346	1350	1342	1357	1371	1335	1359	1341	1368	1374	1367
1348	1352	1343	1366	1384	1344	1361	1349	1370	1375	1367
1352	1353	1343	1367	1385	1348	1371	1349	1376	1379	1367
1358	1354	1372	1369	1386	1352	1372	1354	1379	1383	1367
1364	1360	1375	1372	1388	1360	1375	1355	1381	1387	1376
1367	1365	1377	1378	1389	1371	1384	1367	1385	1391	1378
1372	1371	1379	1380	1390	1377	1387	1367	1387	1396	1384
1373	1388	1380	1386	1391	1383	1387	1370	1387	1405	1384
1381	1390	1385	1389	1394	1384	1389	1410	1389	1409	1384
1383	1391	1392	1423	1406	1388	1399	1410	1397	1410	1391
1391	1396	1395	1424	1415	1395	1403	1414	1420	1423	1396
1395	1417	1397	1440	1420	1426	1413	1418	1435	1431	1397
1437	1429	1401	1446	1443	1476	1443	1461	1507	1459	1410
15.76	14.32	14.48	18.68	18.04	21.16	18.72	15.24	16.2	15.76	16.24
16.2	20.32	15.64	19.56	19.16	16	19.56	19.2	20.08	16	16.48
15.76	14.32	19.6	18.84	18.84	23.8	18.48	19.04	20.64	15.4	19.84
17.44	14.32	16.56	19.92	20.76	16.84	21.28	13.24	16.72	13.8	15.48
19.12	15.64	20.36	23.84	19.48	18.6	17	13.24	17.32	13.72	21.68
15.84	16.36	17.8	19.84	17.88	17.6	16.68	16.32	18.56	13.8	23.96
15.96	18.8	20.52	18.6	20.04	20.48	17.32	15.28	17.44	13.44	16.32
20.84	17.6	14.96	18.68	19.4	19.48	18.44	17.92	17.52	21.32	15.84
19.24	14.84	14.4	18.2	19.56	15.76	18.16	17.44	24.52	15.76	17.04
17.56	15.72	14.68	21.6	23.04	15.64	22.88	13.84	18.64	23.8	21
15.84	14.68	15.04	18.32	19.44	16.88	19.72	15.76	23.44	14.32	16.36
18.08	13.24	19.04	23.6	23.44	17.72	17.92	18	20.52	16.48	18.24
24.4	19	16.64	20.96	23	16.44	17.72	16.84	24.32	13.56	17.76
19.28	16.56	17.48	21.4	21.64	16.52	18.88	13.8	23.76	18.6	21.2
25.2	18.76	15.96	19.72	22.88	18.12	22.04	18.16	17.92	18.12	26.6
23.96	17.6	14.24	18.12	26	19	16.4	24.92	17.96	15.68	15.84
18.36	20.72	23.72	18.76	19.44	16.72	19	15.96	18	25.44	19.56
19.72	20.76	16.28	19.44	18	19.2	23.6	18.16	20.24	19.72	19.8
21.36	14.92	20.76	24.24	19.48	21.44	20.76	16.28	15.96	20.2	22.28
21	26.24	17.6	22.64	19.08	18.2	23.32	21.32	20.92	19.8	20.4
20.2	16.28	19.96	20.88	22.2	17.16	23.64	17.24	24.2	16.96	20.8
16.92	19.88	20.2	29.88	21.28	26.6	23.92	20.8	20.32	23.56	18.48
19.32	16.36	19.28	21.56	22.12	20	24.36	16.68	22.8	21.76	26.56
21	19.52	22.32	27	23.68	26.4	24.64	16.96	21.04	21.56	15.48
21.32	26.6	22.48	23.8	21.48	23.28	28.48	29.96	31.92	20.84	21.68
6	previous	instance:	data/B-n78-k10.vrp							
588	588	588	588	588	588	588	598	597	588	592
589	589	589	588	588	588	588	598	598	598	598
589	598	598	598	589	598	588	598	598	598	598
598	598	598	598	598	598	588	598	598	598	598
598	598	598	598	598	598	588	598	598	598	598
598	598	598	598	598	602	589	598	598	598	598
598	598	598	598	598	602	598	598	598	598	598
598	598	598	598	598	602	598	598	598	598	598
598	598	598	598	598	602	598	598	598	602	598
598	598	598	598	598	602	602	598	602	602	598
598	598	602	598	598	603	602	598	602	602	598
598	598	602	598	598	605	606	598	602	602	598
602	602	602	602	598	606	615	602	605	602	602
605	602	602	602	598	607	615	602	606	602	602
606	605	602	602	598	613	616	602	607	602	606
606	606	602	602	598	615	616	606	613	610	613
616	607	605	606	598	615	616	606	615	616	615
616	610	606	610	602	618	616	606	616	616	616
616	615	616	615	602	620	616	607	616	617	617
616	616	616	616	602	621	618	617	616	617	618
617	618	618	616	602	623	618	617	618	618	621
618	618	618	618	602	624	624	617	619	618	629
618	623	624	624	607	631	631	621	631	618	629
621	624	629	634	618	633	635	629	634	621	636
629	637	634	642	659	642	647	631	635	638	642
2.56	2.24	2.68	2.56	2.52	2.52	1.96	0.64	8.6	2.6	2.84
8.36	8.64	8.6	2.56	2.52	2.52	1.96	0.64	1.36	0.88	1.36
8.36	0.8	1.04	1.04	8.52	1.68	1.96	0.64	1.36	0.88	1.36
1.12	0.8	1.04	1.04	1.04	1.68	1.96	0.64	1.36	0.88	1.36
1.12	0.8	1.04	1.04	1.04	1.68	1.96	0.64	1.36	0.88	1.36
1.12	0.8	1.04	1.04	1.04	1.68	8.72	0.64	1.36	0.88	1.36
1.12	0.8	1.04	1.04	1.04	1.68	1.16	0.64	1.36	0.88	1.36
1.12	0.8	1.04	1.04	1.04	1.68	1.16	0.64	1.36	0.88	1.36
1.12	0.8	1.04	1.04	1.04	1.68	1.16	0.64	1.36	0.88	1.36
1.12	0.8	1.04	1.04	1.04	1.68	1.16	0.64	1.36	0.88	1.36
1.12	0.8	1.04	1.04	1.04	8.6	1.16	0.64	1.36	0.88	1.36
1.12	0.8	1.04	1.04	1.04	2.2	1.16	0.64	1.36	0.88	1.36
1.12	0.8	1.04	1.04	1.04	2.52	2.08	0.64	2.36	0.88	1.36
2.64	0.8	1.04	1.04	1.04	2.2	2.08	0.64	1.36	0.88	1.36
1.12	2	1.04	1.04	1.04	2.2	1.16	0.64	2.36	0.88	1.36
2.56	0.8	1.04	1.04	1.04	2.2	1.16	0.64	2.36	0.88	2.68
1.12	2	2.68	1.04	1.04	2.2	1.16	0.64	2.36	0.88	2.68
1.12	0.8	1.04	1.04	1.04	1.68	1.16	0.64	1.36	0.88	1.36
1.12	2	1.04	2.64	1.04	1.68	1.16	2.24	1.36	0.88	1.36
1.12	0.8	1.04	1.04	1.04	1.68	1.16	0.64	1.36	0.88	1.36
1.12	0.8	1.04	1.04	1.04	2.2	1.16	0.64	1.36	0.88	8.76
1.12	0.8	1.04	1.04	1.04	1.68	1.16	0.64	4.44	0.88	2.8
1.12	2	1.04	1.04	2.6	2.2	2.08	8.72	2.36	0.88	2.8
1.12	0.8	2.8	9.8	1.04	3.44	1.16	2.4	10.64	8.52	4.12
2.8	0.8	10.08	9.8	10.04	11.68	3.08	2.24	1.36	9.64	10.72
7	previous	instance:	data/E-n30-k3.vrp							
651	648	658	649	644	633	648	646	656	659	635
658	658	663	665	645	650	658	651	664	660	677
660	659	670	670	653	652	663	652	667	664	681
662	667	674	673	658	655	666	671	670	667	683
664	668	674	673	662	658	671	672	675	676	684
667	672	676	673	666	664	674	672	677	681	689
671	674	678	678	666	673	675	679	680	681	694
681	686	680	678	667	673	677	684	681	686	695
684	687	685	681	667	673	677	689	681	686	696
686	693	685	685	668	674	680	689	683	688	696
687	694	688	686	674	675	682	693	686	688	696
689	696	688	688	675	684	684	696	687	691	697
693	698	691	688	683	686	686	701	688	692	703
694	702	692	690	686	686	692	703	695	694	704
694	703	692	692	707	687	696	705	697	708	706
696	703	692	692	715	688	705	705	699	711	712
698	703	704	695	716	688	706	716	700	713	713
699	704	704	699	724	689	708	722	705	720	714
703	706	714	700	725	694	714	722	707	721	718
703	710	715	706	726	697	714	723	708	723	722
707	714	716	708	726	704	715	729	709	731	726
715	714	733	715	731	709	718	732	715	732	727
738	714	736	735	735	714	720	734	731	734	733
751	717	762	757	764	736	723	742	743	735	743
752	722	767	758	782	766	724	751	751	737	762
22.36	20.16	23.32	16.92	21.72	18.6	22.52	20.84	19.2	18.12	21.16
19.04	23.08	20.36	18.32	20.88	19.4	14	20.84	13.88	20.64	22.24
20.6	18.84	16.4	19.44	18.92	21.88	21.72	20.6	16.44	17.68	22.08
17.96	22.6	21.84	15.76	20.8	19.04	20.8	23	18.56	17.92	17.76
16.6	19.16	16.48	17.56	19.68	19.04	15.76	18.48	16.52	16.88	19.12
16.6	21.68	16.24	15.96	18.6	20.76	14	23.08	14.44	19.28	19.2
22.24	22.08	19.48	15.52	17.2	14.48	17.96	21.96	19.04	18.48	17.16
16.88	17.2	19.32	21.32	19.6	14.48	16.36	20.32	15.12	19	24.24
21.4	23.8	17.68	20.32	17.6	19.28	19.8	19.4	14.68	16.8	21.08
17.48	19.16	21.92	18.56	19.4	21.12	20.72	24.72	23.44	16.88	19.88
17.48	16.76	21.28	16.92	20.32	19.8	14.36	18.4	14.52	15.96	17.96
18.68	18.6	22.6	19.76	22.84	18.24	19.24	21.92	20.68	18.64	21.04
21.72	18.64	21.32	19.8	18.44	16.88	18.52	20.6	16.08	22	19.68
16.6	16.72	16.48	24.52	20.68	16.88	19.92	20.16	14.28	20.28	21.72
19.72	17.2	20.6	22.28	19.28	16.96	14.32	19.28	14.52	17.84	20.32
19.76	16.6	18.12	19.4	21.64	19.6	15.44	20.84	15.04	21.16	23.08
22.32	18.92	21.6	21.36	20.44	14.8	19.72	18.6	16.72	17.84	18
25.2	20	19.88	20.4	19.8	22.16	19.76	18.48	14.28	19.24	21.04
29	22.6	17.4	18.88	19.4	16.28	15.84	17.8	17.48	21.04	18.88
22.12	19.8	19.24	20.68	20.36	16.88	19.52	23.84	14.28	20.28	17.8
18.8	21.24	21.12	17.32	22.44	18.2	18.32	20.4	20.44	21.76	21.8
22.8	21.84	18.96	19.08	18.68	21.24	18.2	17.68	21.16	21.2	21.36
23.08	17.64	18.24	20.76	19.64	18.16	20.2	22.48	24.08	19.48	22.16
22.08	21.76	17.68	19.84	22.36	22.6	15.8	19.92	21.84	20.4	21.08
20.88	24.6	24.16	16.56	21.32	17.84	18.96	21.4	24.24	22.44	20.2
8	previous	instance:	data/E-n51-k5.vrp							
857	834	817	861	865	837	853	841	846	849	828
858	837	843	869	868	858	859	856	850	858	844
867	854	848	871	880	868	867	858	854	862	847
867	859	854	871	885	868	872	864	864	864	851
869	873	867	873	885	876	873	872	869	871	852
906	874	871	877	888	879	882	876	869	873	857
908	883	874	883	888	881	886	878	870	881	868
909	891	878	885	890	886	888	879	876	881	870
910	893	883	891	892	897	893	879	881	882	886
915	894	888	907	899	899	894	880	882	888	886
919	894	888	909	900	901	895	881	889	895	896
920	904	892	911	902	904	902	886	890	896	897
922	905	908	913	905	905	919	894	892	912	905
931	905	909	913	910	907	921	896	898	921	907
934	907	912	914	919	910	923	898	899	930	913
938	910	918	918	923	918	929	902	917	932	915
938	913	922	923	925	919	933	902	924	933	917
939	916	932	927	925	919	937	905	935	935	920
946	921	932	937	927	921	940	912	937	940	924
949	923	933	940	927	925	943	921	939	957	927
949	929	934	942	929	930	945	925	939	963	936
957	933	942	944	930	930	949	930	940	963	943
964	940	959	954	951	931	951	952	962	980	957
974	943	964	956	987	944	963	972	966	984	968
983	957	980	974	999	972	1005	981	985	1003	995
37.24	39.52	28.56	28	26.04	31.36	27.36	38.24	27.6	30.12	25.2
26.68	30.04	30.12	27.44	29.48	25.2	27.48	38.12	26.4	29.32	25.64
26.48	28.36	25.32	33.12	29.28	33.64	39.44	27.84	27.52	30.44	26.96
28.36	32	24.12	27.68	26.08	24.64	34.48	27.6	29.2	30.4	28.8
27.64	29.76	26.12	26.56	27.48	33.76	33.92	28.6	28.04	37.48	22.88
28.88	28.64	32.16	35.2	30.88	28.16	32.36	23.28	36.56	30.88	25.56
35.28	31.56	31.8	31.88	29.24	29.08	30.64	28.92	38.88	37.28	27.12
28.72	29.84	29.92	39.68	27.68	25.24	27.84	32.6	29.12	31.32	28.92
27.84	30.8	26.24	26.92	28.68	30	32.36	23.28	30.96	33.88	26.2
26.48	32.04	23.56	37.72	27.44	31.56	32.6	33.36	27.6	31.36	23.24
26.48	29.88	25.4	33.52	40	33.2	30.8	34.48	27.12	36.2	25.4
25.72	30.44	26.6	24.28	33.36	32.2	32.04	23.28	29.68	31.8	29.36
27.04	32.32	27.08	27.72	27.56	26.24	30.92	32.52	30.36	38.36	24.16
30.2	38.32	25.28	25.8	31.96	28.76	26.52	32.6	28.08	36.64	25.32
29.04	39.04	24.44	35.16	27.72	35.28	29.8	39.28	33.28	31.96	31.72
29.72	39.08	27	31.84	29.36	28.84	36.8	23.72	30.16	36.4	25.12
30.56	37.84	27.48	28.56	26.24	30.52	31.08	23.76	32.96	40.8	34.64
29.92	28.92	25.08	36.24	30.96	33.28	30.88	23.88	30.2	30.8	23.08
29.44	32.28	41.68	25.28	30.6	29.2	36.68	34.04	29.6	33.24	28.44
37.36	31.8	25.88	27.24	38.2	24.96	29	29.2	29.76	40.92	38.04
29.92	32.16	27.96	36.28	28.72	33.72	32.48	27.24	33.44	32.04	28.28
28.56	38.88	29.6	28.6	35.92	35.8	36.92	28.2	30.96	34.44	31.4
29.44	33.96	30.88	29.12	31.32	27.8	39.04	29.44	41.16	40.48	25.04
29.84	38.16	36.2	33	36.96	28.72	35.28	30.2	29.28	30.08	29.72
36.16	40.08	29.04	39.24	43.28	33.72	35.76	32.16	32.44	34.56	29.8
9	previous	instance:	data/E-n76-k7.vrp							
275	275	275	275	276	275	275	275	273	275	275
275	275	275	275	276	275	276	275	275	281	275
282	275	275	276	277	276	279	278	275	282	275
282	279	275	279	279	279	282	280	276	282	281
284	288	283	282	282	280	282	281	279	282	282
285	288	284	290	282	283	282	282	281	283	283
289	288	290	292	283	287	286	286	282	283	285
290	289	290	292	284	289	286	287	287	290	287
290	290	293	293	286	294	288	288	288	290	288
290	294	295	295	288	294	290	288	292	290	288
292	295	295	295	289	295	290	290	295	290	290
295	302	295	295	291	295	292	290	296	290	290
295	302	298	299	292	296	294	293	303	292	290
300	304	299	299	295	299	295	295	306	292	294
301	309	300	301	295	300	295	297	307	292	295
303	311	301	307	304	309	299	301	309	293	299
303	317	301	310	308	309	300	303	310	293	303
305	317	303	313	310	309	302	304	314	296	306
309	321	306	314	311	310	304	304	320	305	313
318	321	309	321	312	310	308	315	323	307	313
320	322	319	323	313	312	309	320	328	310	320
322	324	322	326	315	319	315	322	329	310	322
333	327	322	328	318	323	322	327	336	312	326
337	327	326	328	321	326	347	333	338	319	329
342	337	340	329	352	330	356	342	347	342	337
12.64	14.04	14.24	14.12	11.28	11.72	16.08	15.44	12.96	14.72	15.24
12.64	14.04	14.24	12.92	11.28	12.28	16.88	16.48	11.08	10.2	15.24
12.64	14.04	14.24	12.92	14.44	11.68	12.4	15.44	11.08	15.16	15.24
12.64	15.24	14.24	12.96	12.24	11.72	12.4	15.44	11.08	14.72	16.16
12.64	9.52	17.84	12.92	19.6	12.28	16.08	15.44	11.08	14.76	15.64
12.64	20.96	14.24	18.48	11.28	13.2	17.92	13.24	12.28	17.32	16.52
27.24	9.52	16.48	13.2	12.24	12.28	13.56	15.44	11.08	16.16	16.76
12.32	14.04	18.92	16	19.2	11.68	13.56	18.6	12	16.16	17.96
16.96	14.04	33.28	17.56	12.68	23.4	16.64	13.92	10.44	16.16	15.24
18.44	19.84	14.52	11.12	13.12	23.12	17.92	10.84	10.44	15.16	16.52
12.92	9.52	15.16	14.08	11.28	11.68	15.4	13.24	10.44	16.16	16.52
12.92	9.52	14.52	20.92	21.16	21.68	12.6	16.6	11.32	16.16	13.16
12.64	37.04	16.6	13.2	14.88	12.56	13	20.52	12.28	10.68	16.52
16.96	23.8	19.88	18.48	11.76	23.4	16.08	15.6	20.12	16	33.68
13.48	14.04	18.56	14.84	11.76	25.4	19.16	15.44	10.44	16.12	15.24
23	19.56	18.92	11.12	19.72	22.16	12.6	18.44	11.08	16.2	15.24
19.88	9.96	19.92	23.48	23.12	19.52	19	13.24	11.92	14.76	17.96
16.96	9.96	21.84	18.48	12.68	22.04	19.48	13.24	11.92	10.68	21.44
13.24	15.44	15.88	11.56	23.12	12.28	19.84	13.24	25.44	22.04	19.32
13.08	20.44	23.36	21	12.48	11.68	24.72	12.16	12.48	13.4	19.32
20.64	27.4	22.84	23.64	24.88	22.64	19.16	10.84	19.36	14.76	21.48
16.8	9.96	12.36	18.6	19.6	12.28	14.48	12.4	19.12	23.32	16.52
16.96	9.96	18.92	13.2	17.12	11.72	12.6	13.24	20.72	20.96	16.52
21.92	9.96	13.28	15.36	20.24	19.52	23.92	12.84	15.44	10.96	24.24
21.88	13.36	23.04	24.4	16.88	21.44	16.68	13.24	20.28	30.24	17.64
10	previous	instance:	data/F-n72-k4.vrp							
1371	1409	1304	1374	1386	1366	1432	1347	1349	1362	1406
1373	1425	1420	1413	1425	1388	1446	1404	1355	1407	1415
1376	1425	1421	1416	1436	1397	1447	1408	1411	1408	1430
1406	1429	1427	1419	1442	1419	1454	1419	1423	1408	1436
1415	1431	1447	1451	1445	1424	1460	1421	1423	1410	1439
1420	1433	1453	1469	1452	1431	1461	1431	1430	1412	1441
1436	1442	1466	1477	1460	1448	1477	1436	1430	1418	1448
1440	1443	1466	1477	1461	1458	1477	1437	1442	1424	1449
1444	1446	1467	1481	1463	1463	1478	1451	1446	1425	1451
1456	1456	1484	1485	1488	1466	1483	1460	1461	1431	1463
1469	1456	1485	1489	1488	1468	1483	1467	1463	1458	1464
1475	1457	1490	1489	1496	1470	1483	1474	1471	1460	1468
1477	1460	1491	1492	1500	1471	1485	1477	1483	1468	1477
1477	1464	1493	1497	1500	1477	1485	1478	1489	1469	1477
1483	1475	1495	1502	1503	1482	1493	1485	1515	1470	1477
1489	1477	1495	1506	1504	1494	1498	1492	1516	1473	1483
1492	1483	1500	1529	1504	1503	1518	1496	1520	1487	1497
1500	1485	1504	1533	1504	1508	1523	1503	1527	1496	1498
1505	1489	1507	1536	1515	1508	1527	1505	1538	1519	1511
1509	1505	1508	1545	1519	1509	1552	1505	1543	1530	1512
1544	1508	1509	1545	1521	1516	1556	1506	1547	1540	1524
1544	1515	1519	1580	1529	1539	1572	1510	1555	1551	1533
1549	1550	1520	1618	1532	1545	1581	1531	1566	1556	1567
1584	1586	1579	1634	1562	1579	1609	1541	1590	1619	1581
1606	1639	1586	1636	1587	1597	1668	1550	1609	1633	1605
51.12	34.4	33.04	28	52.76	48.2	29.68	24.6	31.52	24.68	56.68
42.52	33.28	24.76	27.68	32.72	35.64	29.28	30.16	56.28	37.4	36.28
31.16	33.08	24.76	23	41.8	40.16	39.64	35	53.32	52.48	32.32
38.76	38.04	34.96	36.64	45.04	38.2	35.88	36.52	35.04	52.48	37.32
44.4	27.36	51.72	63.08	30.4	28.44	42.96	42.68	43.52	36.4	40.68
36.24	26.52	25.24	23.12	48.68	31.44	24.88	56.88	35.12	27.64	25.16
27.44	26.24	38	22.84	51.6	39.44	22.76	34.16	41.56	42.92	38.72
41.4	44.32	23.28	23.12	32.84	59.44	28.28	26.92	51.56	30.24	35.24
41.4	53.48	28.36	27.92	46.2	54.32	26.64	47.4	55.32	33.72	53.12
24.96	37.12	28.8	23.12	60.28	44.2	39.56	31.36	30.28	35.52	38.04
36.08	58.68	28.36	27.44	32.76	33.28	31.2	28.8	40.84	28.64	26.56
25.8	34.36	29.56	42.44	55.52	32.28	26.64	48	36.88	27	40.68
24.68	37.24	28.96	23.12	39.2	40.12	22.76	24.68	40.12	42.2	25.36
24.68	35.68	49.88	27.24	37.76	29.32	22.76	24.68	45.64	30.64	30.44
65.92	31.64	73.04	70.96	32.88	36.12	37.92	23.8	40.28	24.2	30.44
26.36	27.16	29.68	30.6	30.56	43.24	27.96	36.28	31.68	52.64	24.76
38.56	31.64	23.88	45.64	41.96	30.6	23.56	26.56	51.16	27	29.44
24.84	27.16	23.52	43.08	33.36	35.88	42.52	26.92	44.28	28.2	37.88
42.52	39.96	34.8	59.36	30.08	30.48	42.48	53.24	44.92	38.52	32.88
49.84	34.08	23.52	59.04	44.84	57.64	39.88	28.36	41.24	25.12	43.96
37.08	39.12	39.88	38.6	65.12	42.24	47.6	27.28	30.4	29.16	42.96
29.32	27.88	54.28	36.52	39.04	46.88	27.64	33.48	38	36.48	40.56
33.16	27.84	24.6	29.72	40.76	49.16	24.64	36.24	65.04	29.6	39.24
57.92	65.4	29.32	26.52	53.92	41.4	48.88	43.52	31.76	47.16	26.92
25.72	37.92	37.56	26.36	31.84	34.04	24.04	75.4	30.04	25.6	26.88
11	previous	instance:	data/F-n135-k7.vrp							
1019	1032	1011	1039	1018	1004	1041	1053	1053	1019	1029
1045	1047	1016	1043	1041	1062	1050	1063	1056	1028	1054
1055	1062	1039	1054	1042	1067	1086	1067	1059	1041	1060
1066	1066	1039	1061	1066	1077	1104	1078	1073	1075	1084
1073	1067	1041	1084	1067	1093	1108	1080	1081	1087	1089
1091	1081	1077	1099	1074	1103	1121	1097	1098	1099	1096
1109	1081	1087	1108	1076	1103	1121	1097	1099	1101	1101
1122	1086	1096	1119	1108	1116	1130	1106	1103	1109	1106
1123	1119	1102	1129	1112	1124	1141	1112	1117	1112	1108
1127	1123	1107	1129	1112	1126	1142	1125	1119	1113	1115
1130	1124	1115	1131	1116	1132	1144	1129	1123	1115	1116
1134	1132	1117	1134	1117	1138	1148	1131	1125	1125	1139
1141	1145	1125	1139	1121	1138	1148	1146	1128	1128	1140
1152	1151	1133	1145	1129	1138	1154	1149	1131	1136	1140
1153	1152	1147	1148	1151	1141	1156	1150	1134	1140	1148
1158	1154	1149	1148	1154	1150	1160	1153	1145	1145	1155
1159	1155	1161	1150	1158	1164	1160	1156	1146	1147	1163
1160	1166	1166	1155	1163	1165	1160	1157	1146	1149	1164
1161	1166	1167	1160	1165	1168	1169	1160	1149	1154	1164
1165	1170	1178	1171	1167	1180	1171	1163	1162	1154	1175
1175	1174	1190	1181	1167	1210	1183	1168	1178	1184	1189
1178	1176	1191	1197	1172	1212	1186	1173	1181	1189	1190
1185	1192	1194	1219	1175	1213	1216	1190	1182	1202	1198
1187	1216	1201	1227	1179	1225	1222	1211	1224	1204	1201
1200	1231	1238	1258	1214	1248	1234	1216	1226	1253	1215
19.32	22.28	26.52	24.64	20.32	20.16	26	30.28	17.4	16.4	15.64
28.96	26.68	16.36	24.28	27.16	24.24	13.56	15.28	20.48	20.44	32.08
15.76	21.28	18.76	15.6	20.92	14.72	22.08	15.28	15.36	16.56	16.48
24.2	16.6	16.36	18.88	16.2	22.44	16.36	23.36	18.8	23.6	19.92
17.56	31.16	17.24	20.2	25.6	23.92	21.48	19.16	16.72	25.68	18.24
26	26.72	19.68	32.56	27.16	15.76	15.8	15.4	24.92	19.84	19.4
20.96	27.24	21.2	22.64	16	20.52	23.8	28.24	22.52	16.12	15.68
22.84	26.92	19.16	25.68	29.8	23.6	17.8	16.4	19.68	17.44	17.96
18.68	24.08	23.36	17.44	26.28	16.72	19.64	15.88	19.4	25.32	16.28
20.36	22.32	19.32	23.32	17.52	15.96	19.2	23	21.88	28.52	22.48
17.6	22.84	27.16	28.88	20.68	36.96	13.44	23.84	23.28	18.4	19.48
28.4	22.72	15.92	30.44	26.64	17.28	31.24	20.72	24.68	17.96	16.28
15.8	19.4	21.64	22.04	24.2	28.72	15.64	24.64	17.48	16.24	21.08
19.96	20.2	20	17.48	26.12	17.28	13.44	17.8	19	15.48	20.88
16.24	17.84	17.36	16.88	22.2	19.04	19.48	26.2	15.12	14.36	15.68
17.6	24.52	22.28	19.52	21.64	22.08	23.64	20.24	22.72	23.32	23.84
22.28	17.44	21.52	21.2	22.36	19.72	13.4	17.8	18.72	14.24	24.84
14.96	18.84	29.36	19.32	18.96	21.52	14.12	24.64	21.56	20.2	17.32
19.28	20.52	15.84	27.24	26.04	19.68	25	20.04	25.84	21.88	16.84
25.36	19.52	24.48	28.84	22.44	14.52	24.96	23.76	15.64	18.56	23.8
21.32	19.52	23.48	25.68	19.32	18.92	17.56	20.04	15.24	16	17.8
17.56	20.8	18.28	21.96	17.12	16.52	14.6	15.84	15.44	17.8	15.52
20.68	19.96	23.68	17.28	16.72	21.92	14.96	19.08	15.6	18.84	17.04
23.72	19.2	18.16	23.16	20.4	19.6	14.76	21.2	20.64	18.48	21.76
17.6	19.28	20.08	17.28	18.88	17.76	19.32	21.2	17.04	19.2	16.56
12	previous	instance:	data/M-n101-k10.vrp							
1151	1144	1157	1171	1168	1132	1149	1176	1170	1183	1184
1180	1154	1175	1195	1169	1161	1166	1179	1171	1191	1188
1185	1171	1186	1197	1196	1163	1178	1188	1189	1196	1193
1191	1193	1199	1203	1196	1172	1178	1199	1189	1197	1207
1197	1194	1201	1208	1197	1181	1192	1205	1191	1212	1214
1199	1201	1206	1209	1198	1190	1196	1206	1201	1213	1215
1201	1202	1207	1211	1199	1199	1196	1206	1203	1217	1224
1211	1205	1208	1220	1203	1199	1205	1212	1210	1218	1224
1213	1212	1209	1225	1221	1201	1212	1214	1214	1219	1225
1219	1214	1211	1232	1233	1203	1217	1219	1218	1227	1228
1225	1216	1214	1233	1245	1215	1220	1221	1223	1229	1230
1234	1224	1216	1240	1245	1223	1226	1224	1228	1238	1231
1254	1239	1238	1241	1246	1235	1228	1240	1230	1239	1235
1257	1244	1240	1249	1247	1250	1230	1244	1233	1248	1241
1269	1248	1242	1252	1247	1262	1240	1246	1239	1254	1243
1276	1255	1250	1256	1259	1264	1249	1248	1242	1258	1243
1281	1256	1254	1257	1269	1266	1251	1250	1250	1258	1246
1282	1262	1257	1263	1269	1271	1260	1252	1269	1266	1248
1289	1274	1264	1287	1269	1272	1268	1254	1271	1286	1251
1294	1284	1274	1291	1292	1294	1272	1258	1272	1294	1260
1294	1300	1278	1298	1302	1305	1277	1261	1278	1296	1279
1302	1306	1297	1304	1305	1324	1282	1269	1283	1304	1281
1303	1318	1302	1305	1309	1324	1301	1276	1302	1315	1284
1309	1322	1311	1316	1319	1332	1310	1318	1310	1330	1310
1322	1331	1333	1335	1337	1336	1324	1322	1335	1333	1313
9.28	9.24	8.8	16.56	12.4	8.4	12.64	8.36	8.24	8.4	16.36
9.28	9.24	8	9.52	13.92	8.4	12.64	7.88	8.16	9.56	7.88
8.8	8.28	8.12	9.04	17.96	8.96	13.08	9.56	17.08	10.48	19.8
10.4	9.96	17.28	10.32	13.44	7.64	14.32	8.36	7.84	8.12	8.04
10.52	8.96	9.4	10.12	11	8.36	12.04	9.64	7.84	8.56	8
17.92	9.36	9.76	15.88	17.96	18.2	19.04	8.56	9.12	19.48	8.4
9.28	8.28	12.68	19.76	16.96	9.32	21.68	23.24	8.56	10.76	9.6
12.08	8.96	9.04	10.64	11.32	8.36	17.72	8.68	7.84	9.84	9.12
17.56	17.04	10.04	9.96	16.04	7.64	17.48	8.8	7.84	16.72	9.08
11.48	8.96	11	9.92	12.04	8.12	21.2	23.8	9	9.64	9.12
10.56	19.16	9.52	11.12	16.92	8.6	16.76	8.68	8.96	9.64	9.12
10.4	12.16	10.28	9.96	12.56	9.2	13.28	19.28	9.96	8.8	22.8
21.28	11	10.4	10.08	14.44	9.68	13.28	10.56	10.72	8.88	8.72
9.72	11.36	11.28	10.12	11.52	9.28	22.96	8.2	10.72	11.04	9.4
12.12	11	8.84	10.08	11.52	9.16	14.52	9.12	10.04	9.64	9.08
11.36	10.68	9.6	10.92	12.04	9.68	13.28	8.2	10.04	12.44	11.32
10.56	17.8	17.76	10.48	14.44	18.52	22.96	8.68	8.32	19.12	8.2
21.52	12.88	9.6	9.96	12.16	11	23.24	9.12	9	9.52	9.12
11.36	11.52	9.4	13.72	17.52	10.16	13.76	8.68	8.24	10	19.24
10.72	11.92	9.12	10.8	13.2	18.76	13.16	9.16	18.28	25.36	9
23.32	23.04	10.96	11.96	12.56	9.84	13.16	11.48	9.24	9.72	9.16
18.52	23.2	9.2	25.16	14.96	9.44	22.2	8.68	20.12	10.8	9.16
10.52	11.28	24.6	10	21.84	9.08	13.24	9.68	23.56	9.64	8.6
9.96	11.8	10.56	19.16	22.44	22.68	18.04	9.52	18.32	9.84	11.04
10.52	11.8	21.2	20.36	11.08	10.88	15.04	9.36	8.24	8.36	8.2
13	previous	instance:	data/M-n121-k7.vrp							
711	707	722	705	719	705	722	726	721	722	716
743	728	740	729	734	717	726	731	734	731	729
746	731	741	740	744	730	734	751	741	734	735
758	734	745	742	745	741	741	757	742	747	757
762	735	761	745	751	748	749	765	743	748	765
768	739	764	772	753	757	765	775	744	751	770
771	739	765	774	757	772	766	776	760	764	772
772	740	765	780	767	774	768	790	763	771	778
780	771	769	784	771	778	769	791	774	772	788
781	774	780	785	771	779	775	797	781	775	789
784	775	780	788	772	779	784	797	782	785	793
786	780	781	792	776	790	786	797	782	789	797
788	788	786	793	780	791	790	797	783	790	797
791	790	792	797	785	792	790	802	786	797	797
792	793	792	802	789	794	793	804	792	797	797
797	796	799	809	796	797	797	807	794	797	798
797	797	805	810	797	797	797	808	797	797	800
797	798	810	811	797	797	806	811	797	797	801
797	800	814	812	802	801	812	812	797	799	803
799	801	815	812	803	808	814	817	797	805	806
799	802	829	820	809	809	814	818	808	808	813
801	811	829	832	812	818	814	822	820	814	817
802	813	831	838	817	824	814	829	821	818	842
811	819	843	844	826	825	817	834	827	820	847
836	830	885	853	847	829	836	853	839	829	849
27.2	27.8	34.12	28.48	30.36	29.2	36.68	36.16	34.76	34.16	31.64
24.2	21.28	22.64	25.84	17	21.32	31.68	24.08	24	29.68	23.24
28.92	20.28	34.56	21.4	17	29.96	24.44	34.76	34.28	29.96	29.44
37.56	20.44	34.72	32.28	29.84	31.32	29.44	23.96	31.28	31.32	27.92
29.32	28.56	31.76	32.12	17	21.16	30.48	34.4	32.96	36.4	38.52
30.56	20.4	24.2	37	18.96	20.24	36.88	23.92	33.2	25.24	36.36
30.24	25.44	34.04	24.52	24	26.04	33.52	25.92	29.84	27.24	28.92
22.32	34.76	32.68	25.36	40.12	18.84	34.44	25.32	29.12	33.8	40.56
21.96	20.76	28.84	36.32	23.96	31.28	29.72	35.48	25.4	27.92	40.68
31.16	21.24	25.44	23.84	18.2	18.84	36.76	37.32	23	22.6	23.4
36.68	37.36	27.44	28.44	16.28	38.72	36.2	23.92	29.2	29.84	21.84
32.28	29.56	33.88	25.32	19.8	18.84	35.2	23.92	35.28	28.04	21.84
38.88	27	27	32.6	20.44	26.44	26.56	23.92	23	27.08	21.84
28.08	23.36	35.76	26.8	19.24	20.24	24.84	33.92	23.84	22.6	21.84
22.64	23.36	33.84	28.92	20.08	40.88	25.64	35.8	23.84	22.6	21.84
22.64	30.64	24.4	29.76	34.6	18.84	26.56	34	30.76	22.6	34.44
22.64	23.36	37.32	23.44	19.96	18.84	26.56	23.92	36.04	22.6	26.44
22.64	23	32.36	30.72	19.96	18.84	36.36	31.84	23.84	33.28	21.84
22.64	37.32	29.36	24.52	19.96	18.84	27.64	23.92	23.84	22.6	36.28
33.36	23.36	28.48	24.4	22.24	18.96	28.08	24.24	23.84	25.64	26.08
22.64	23.36	27	39.24	31.8	27.16	30.8	27.68	23.84	39.16	33.84
22.4	21.72	27	32.36	19.96	18.32	24.48	35.04	34.8	34.6	23.44
25.2	32.68	27.76	34.16	20.56	31.36	33.92	23.92	37.48	34.6	26.28
31.48	23.96	35.44	33	27.6	33.28	31.2	36.92	25.28	32.48	20.84
29.12	33.92	36.72	32.44	16.64	29.12	37.2	26.32	28.04	22.6	25.32
14	previous	instance:	data/P-n76-k4.vrp							
879	912	912	922	892	887	889	878	913	911	914
909	922	913	923	898	915	911	889	916	912	929
916	925	923	938	905	922	920	917	940	916	943
923	925	923	940	924	936	928	920	948	928	944
923	927	928	943	932	942	940	932	950	934	944
926	935	929	944	936	943	944	932	953	940	944
928	936	931	944	940	945	944	934	954	942	945
929	944	944	946	941	950	944	936	955	944	957
930	951	944	946	942	952	947	942	956	944	959
943	953	944	948	944	957	948	942	959	944	960
946	953	949	951	947	957	950	947	961	944	962
947	954	950	952	954	959	954	948	966	944	963
949	955	950	957	963	959	956	952	967	945	964
954	958	957	957	963	962	961	958	973	948	966
956	960	962	963	964	962	961	962	977	957	968
957	960	972	965	968	963	963	963	978	963	971
963	965	979	966	972	969	965	963	980	964	978
970	980	980	970	973	969	965	964	988	967	979
976	990	984	974	973	974	970	965	992	973	982
977	991	999	975	982	977	973	976	1003	976	987
986	992	1003	978	989	988	976	978	1004	986	990
992	994	1006	1008	1000	998	984	982	1006	991	1003
997	1003	1009	1009	1006	1006	985	991	1011	995	1004
1018	1004	1012	1024	1021	1011	987	993	1039	1002	1004
1024	1011	1028	1034	1061	1015	993	1016	1042	1024	1031
32.84	31.68	39.96	29.56	48.08	26.68	23.68	37.44	22.8	31.36	27.12
36.08	35.4	40	27.12	49.6	27.84	22.8	27.24	36.16	48.2	29
24.64	40.36	27.96	24.08	34.56	28.88	21.48	32.36	24.72	28.16	40.56
34.92	40.36	27.96	40.48	38.16	48.04	29.56	27	23.08	44.4	29.52
34.4	37.56	35.08	24.08	30.44	24.32	27.4	45.16	25.16	25.04	29.52
23.88	33.64	23.08	24.08	29.16	36.96	21.52	41.52	24.76	21.8	29.52
30.08	32.68	22.52	24.08	24.36	26.76	21.52	32.96	26.68	39.8	26.76
26.48	30.32	22.36	26.6	24.36	36.8	21.52	28.8	24.64	20.8	26.2
45.24	38.2	31.68	38.96	26.12	35.68	25.4	36.24	22.8	20.8	26.8
35.88	39.32	28.8	23.2	24.36	24.96	31.56	25.76	35.84	20.8	41.12
27.96	39.76	49.04	38.4	30.68	25.2	19.48	34.48	30.88	20.8	38.96
27.2	26.76	28.16	26.6	24	31.2	48.28	32.44	23.72	20.8	26.36
27.2	27.56	27.88	43.76	24.36	27.52	22.16	38.88	36	22.84	30.4
34.76	27.52	28.8	33.76	24.08	41.36	21.52	28.24	30.72	21.8	28.4
23.16	27.04	24.48	23.4	24.84	27.84	21.52	27.08	25.44	22.12	26
26.52	27.04	32.52	25.4	26.72	24.28	23.24	32.4	36.52	20.8	28.44
24.32	28.2	46.12	31.96	30.52	52.32	38.88	46.6	49.36	22.64	30.96
37	41.48	37.04	20.6	36.72	24.2	20.24	27.12	32.8	23.72	40.12
36.36	44.08	36.4	22.92	24.36	27.6	37.04	30.8	24.2	41.4	49.96
24.24	36.16	24.08	29.04	23.8	26.04	21.88	27.76	44.76	23.64	27
26.8	38.56	45.84	38.24	25	26.84	24.6	32.36	27.12	36.64	31.92
28.32	29.16	23.2	29.04	36.64	26.08	23.08	43.28	34.68	29.44	49.8
27.52	34.08	23.6	24.08	25.28	35.28	21.6	28.24	25.96	24.16	33.08
24.16	30.48	22.8	20.6	26.56	24.12	31.32	26.96	23.08	35.44	43.16
36.12	30.32	24.88	33.04	24.72	36.12	24.28	27.52	22.4	34.08	33.64
15	previous	instance:	data/P-n101-k4.vrp							
