Compiled file is: c:\users\mansour\dropbox\study\cvrp-vs2013\cvrp\utility.cpp.
Its compilation began: Dec 12 2014 at: 19:04:03.

Algorithm is running:
Algorithm is running:
Algorithm is running:
Algorithm is running:
Algorithm is running:
Algorithm is running:
Algorithm is running:
Algorithm is running:
Algorithm is running:
Algorithm is running:
Algorithm is running:
759 721 724 747 729 733 724 774 740 743 752
764 723 775 762 771 742 728 782 761 767 755
765 733 779 772 772 745 765 790 766 769 763
776 747 780 786 772 766 769 797 776 780 766
779 759 780 786 775 776 790 797 777 781 778
783 769 784 788 779 777 791 798 809 782 787
786 774 786 805 781 781 793 805 812 792 799
786 786 787 815 786 783 794 812 818 794 809
786 792 794 816 793 785 799 813 819 795 810
790 793 795 821 795 786 801 814 825 808 811
804 793 796 822 801 838 801 818 830 810 815
808 806 805 831 802 842 803 818 835 814 818
809 812 813 840 804 855 807 827 835 817 823
837 826 814 842 821 855 814 838 838 823 825
843 829 825 846 823 860 829 845 838 823 826
852 832 825 851 831 863 837 856 843 834 836
856 834 825 851 832 873 839 859 849 835 838
861 848 838 851 835 876 840 860 852 842 846
866 858 838 863 845 878 847 861 854 844 852
867 871 854 864 851 885 851 865 854 848 853
882 885 864 867 854 890 855 866 858 864 872
885 895 869 883 858 902 891 866 863 885 874
899 899 873 888 871 908 892 896 866 906 882
912 902 905 891 872 917 935 908 880 914 888
974 904 930 895 923 941 936 913 893 926 900
11 10.56 11.76 11.76 11.88 11 12.64 14.2 11.28 11.88 10.68
11.08 9.84 10.04 11.64 9.52 11.6 10.92 10.56 11.64 14.36 11.04
11.4 9.84 11.6 11.44 11.12 13.52 11.12 10.52 10.72 13.28 12.16
11.56 12.52 9.88 9.12 9.56 13.4 12 11.16 11.84 12.64 13.92
10.8 9.96 10.16 9.48 10.16 14.36 10.52 11.4 11.48 11.68 13.88
9.16 13.4 10.32 10 12 12.04 10.44 15.48 12 11.52 12.88
10.52 12.56 11.96 12.92 12.32 11.64 12.08 11.48 11.64 12.32 11.24
11.32 10.72 11.16 11.36 8.08 14.6 11.12 10.96 11.48 11 10.88
11.88 11.52 10 9.24 14.08 14.04 11.76 13.56 12.12 14 10.72
11.08 11.44 10.16 10.6 10.72 10.8 13.88 11.68 11.2 12.6 12.44
12.36 11.2 12.88 10.8 10.48 10.96 11.12 12.76 11.08 12.12 11.8
11.96 10.64 10.52 9.72 10.08 14.32 10.44 11.84 10.28 12.12 11.76
12.4 12.24 11.76 11.56 9.92 11.72 13.4 13.72 11.56 13.36 13.68
12.16 13.04 11.44 12.4 11.4 12.88 11.64 11.2 11.72 11.76 11.36
12.72 13.44 12.08 12.72 13.92 12.76 12.84 13.16 12.88 12.16 12.04
12.84 13.16 10.32 12.88 11.56 13.56 12.24 11.8 11.6 12.24 12.84
12.6 11.2 14.64 15.56 10.88 14.64 10.48 11.16 11.96 12.36 12.36
12.76 9.96 12.6 14.08 11.6 13.08 12.96 11.64 11.96 12.44 13.76
13.56 11.76 13.12 12.92 11.2 13.76 11.76 15.36 13.84 13.12 13.64
12.04 11.96 10.48 12.32 9.96 14.64 13.6 12.52 9.84 12.4 11.44
13.08 13.48 12.64 11.68 12.6 15.32 13.8 10.92 12.36 14.12 13.24
13.48 12.04 13.52 10.6 12.08 13.64 13.92 11.08 14.88 12.96 12.64
14.32 11.12 10.68 13.56 8.76 13.32 13 11.84 14.08 12.64 13.2
12.56 13.12 14.76 12.28 11.68 14.08 12.92 13.12 11.8 12.12 15.08
15.52 12.4 13.28 13.52 13.32 12.28 12.48 13.4 12.44 12.92 12.08
0. previous instance: data/A-n33-k5.vrp
Statistical report after ..... 11 run
-*-*-*-*-*-*-*-*-*-*-*-*-*-*-*-*-*-*-*-*-*-*-*-*-*-*-*-*-*-*-*-*-*-*-*
Initial fitness:           Best fitness:              Time Elapsed:

0                          0                          0

0                          0                          0

0                          0                          0

0                          0                          0

0                          0                          0

0                          0                          0

0                          0                          0

0                          0                          0

0                          0                          0

0                          0                          0

0                          0                          0

-*-*-*-*-*-*-*-*-*-*-*-*-*-*-*-*-*-*-*-*-*-*-*-*-*-*-*-*-*-*-*-*-*-*-*
Algorithm is running:
Algorithm is running:
Algorithm is running:
Algorithm is running:
Algorithm is running:
Algorithm is running:
Algorithm is running:
Algorithm is running:
Algorithm is running:
Algorithm is running:
Algorithm is running:
1110 1099 1093 1158 1065 1110 1120 1118 1093 1070 1097
1137 1110 1124 1163 1082 1156 1158 1143 1109 1107 1117
1140 1133 1126 1170 1109 1178 1166 1144 1147 1124 1148
1141 1136 1141 1180 1137 1180 1172 1151 1156 1149 1164
1148 1153 1153 1181 1153 1183 1173 1153 1161 1151 1164
1165 1154 1163 1196 1164 1183 1176 1154 1166 1153 1169
1167 1163 1169 1199 1167 1196 1177 1168 1185 1179 1174
1171 1165 1171 1199 1176 1203 1180 1172 1186 1181 1178
1175 1166 1181 1201 1193 1204 1196 1177 1195 1194 1193
1180 1178 1186 1201 1197 1207 1219 1178 1198 1197 1193
1181 1179 1187 1208 1197 1213 1225 1186 1199 1197 1197
1192 1186 1195 1214 1211 1214 1227 1189 1201 1197 1199
1197 1192 1201 1215 1238 1215 1229 1199 1206 1199 1205
1200 1195 1202 1223 1239 1220 1242 1200 1208 1211 1205
1208 1198 1203 1224 1245 1220 1257 1214 1217 1211 1220
1209 1208 1204 1224 1248 1225 1268 1220 1218 1216 1224
1217 1211 1220 1225 1256 1234 1269 1240 1218 1220 1234
1220 1213 1221 1230 1258 1257 1281 1240 1259 1225 1236
1231 1227 1228 1253 1266 1263 1286 1255 1260 1237 1246
1240 1230 1237 1258 1269 1263 1293 1259 1267 1237 1268
1246 1235 1267 1261 1277 1269 1294 1260 1293 1239 1271
1259 1248 1270 1266 1281 1284 1297 1280 1293 1259 1276
1276 1260 1277 1275 1305 1294 1298 1301 1305 1260 1285
1276 1290 1312 1283 1324 1308 1305 1315 1305 1265 1287
1281 1297 1341 1333 1326 1338 1314 1318 1339 1283 1322
16.52 14 14.88 17.56 18.72 16.52 21.44 19.84 18.48 17.28 17.6
15 16.24 14.56 17.28 18.44 16.76 16.84 15.8 16.2 17.72 17.92
16.44 20.24 13.76 16.6 17.08 17.12 19.6 19.56 18.48 18.4 18
16.32 18.68 16.32 17.6 18.92 20.24 19.68 17.52 17.04 15.4 18.04
16.6 17.24 20.36 19.4 18.88 16.16 19.36 20.12 15.96 13.96 16.48
15.24 16.24 16 17.04 17.24 18.08 16.88 16.16 16.32 16.44 18.56
15.88 17.52 19.12 15.24 17.24 18.04 17.48 18.12 20.44 15.2 17.72
15.52 15.56 17.6 16.64 18.52 17.36 18.68 17.64 17.8 15.56 20.72
15.88 14.92 17.6 18.76 20 20.12 18.32 17.64 19.4 15.12 18.48
16.48 20.48 15.8 18.84 19.28 18.88 17.2 16.12 16.04 16.8 18.2
15.6 15.88 16.8 17.52 18.92 16.04 17.08 15.04 17.16 14.72 17.48
15.44 19.72 18.64 18.76 17.52 14.92 17.44 16.92 19.48 14.32 16.36
18.8 18 17.44 16.16 17.16 15.6 18.8 16.08 15.92 15.36 19.2
15.28 18.68 17.6 17.64 18.04 19.56 20.6 17.16 16.84 16.84 16.36
15.56 18.56 19.32 15.48 18.48 17.88 16.72 16.28 17.24 15.44 17.4
15.2 17.04 16.84 18.72 18.64 17.28 19.12 17.96 16.96 15.6 17.04
16.52 15.64 18.68 17.56 20.16 18.64 20.88 16.08 16.04 17.12 21.16
15.52 19.76 17.72 17.64 21.48 18.44 19.52 16.72 18.8 20.28 17.52
16.6 19.16 18.68 17.92 17.08 17.48 17.12 20.56 18.68 16.2 20.36
21.2 19.28 17.16 17.4 18.44 18.52 19.28 16.52 17.52 16.16 21.2
15.12 18.44 16.2 16.76 18.68 15.4 18.8 17.68 17.56 20.32 19.04
15.72 16.96 18.04 16 19.6 15.96 17.08 17.68 17.68 20.52 19.28
15.64 15.64 16.84 19.96 20.52 18.08 16.4 20.12 19.8 14.32 18.2
15.32 16.88 18.92 17.44 18.84 18.48 19.84 20.16 19.64 16.84 21.16
16.56 20.48 19.08 21.24 19.24 17.36 20.52 16.68 17.48 20.44 19.28
1. previous instance: data/A-n46-k7.vrp
Statistical report after ..... 11 run
-*-*-*-*-*-*-*-*-*-*-*-*-*-*-*-*-*-*-*-*-*-*-*-*-*-*-*-*-*-*-*-*-*-*-*
Initial fitness:           Best fitness:              Time Elapsed:

0                          0                          0

0                          0                          0

0                          0                          0

0                          0                          0

0                          0                          0

0                          0                          0

0                          0                          0

0                          0                          0

0                          0                          0

0                          0                          0

0                          0                          0

-*-*-*-*-*-*-*-*-*-*-*-*-*-*-*-*-*-*-*-*-*-*-*-*-*-*-*-*-*-*-*-*-*-*-*
Algorithm is running:
Algorithm is running:
Algorithm is running:
Algorithm is running:
Algorithm is running:
Algorithm is running:
Algorithm is running:
Algorithm is running:
Algorithm is running:
Algorithm is running:
Algorithm is running:
1517 1581 1519 1509 1552 1527 1523 1526 1520 1548 1521
1550 1582 1551 1585 1562 1575 1535 1554 1532 1549 1530
1552 1588 1564 1586 1567 1579 1538 1558 1551 1562 1561
1557 1588 1585 1603 1587 1581 1558 1560 1572 1573 1582
1568 1589 1596 1607 1591 1582 1583 1560 1586 1573 1588
1577 1592 1600 1611 1595 1589 1609 1590 1589 1577 1591
1580 1596 1608 1626 1596 1592 1611 1595 1605 1584 1597
1598 1597 1613 1627 1599 1593 1616 1600 1606 1590 1599
1606 1597 1628 1628 1603 1595 1625 1614 1613 1593 1599
1608 1609 1628 1633 1610 1606 1638 1618 1614 1602 1601
1608 1609 1643 1636 1614 1608 1646 1621 1615 1604 1610
1618 1612 1650 1641 1621 1619 1652 1625 1617 1612 1614
1620 1618 1657 1641 1622 1637 1655 1628 1620 1613 1614
1624 1638 1659 1643 1628 1650 1657 1637 1620 1617 1618
1628 1640 1661 1646 1632 1656 1659 1643 1630 1625 1618
1629 1641 1663 1649 1639 1663 1662 1658 1634 1641 1622
1633 1650 1665 1658 1656 1665 1668 1659 1637 1644 1638
1635 1659 1677 1663 1671 1672 1671 1663 1645 1645 1652
1649 1662 1697 1664 1674 1675 1675 1665 1647 1646 1682
1654 1675 1700 1667 1677 1679 1680 1666 1675 1646 1694
1692 1685 1701 1669 1679 1683 1698 1666 1681 1672 1709
1698 1691 1725 1676 1686 1692 1705 1677 1685 1698 1709
1698 1695 1727 1696 1702 1710 1721 1687 1694 1702 1711
1744 1721 1729 1712 1723 1736 1723 1691 1696 1707 1712
1765 1733 1733 1713 1750 1742 1734 1706 1705 1713 1717
16.88 18.48 18.28 23.16 21.76 23.24 18.76 22.2 19.8 23.32 22.52
18.96 19.56 19.4 21.68 22.08 23.96 23.84 19.4 19 19.64 21.08
21 18.52 20.36 19.28 17.68 21.8 20.32 18.6 20.2 19.96 22.52
18 20.32 19.32 22.76 20.44 19.68 18.64 20.04 18.76 18.28 22.96
21.88 21.16 18.44 18.28 24.24 21.2 23.48 21.2 18.52 20.76 18.72
18.76 19.88 19.88 23.32 21.28 21.64 19.88 20.44 20.96 20.28 19.96
18.36 20.48 23.36 16.88 18.6 23 20.6 21.44 23.12 22.4 24.8
24 18.32 22.96 19.64 17.8 26.12 19.88 21.88 21.84 20.08 20.04
20.76 19.64 19.68 17.68 21.12 23.32 22.48 21.04 21.84 22.92 19.68
21.28 18.76 21 22.6 20.4 20.56 19.6 22.6 18.2 22.48 20.04
20.96 22.44 21.88 18.2 17.92 27.6 23.4 16.72 18.52 18.64 19.8
20.56 18.48 19.64 17.32 23.76 18.92 19.6 18.24 20.4 22.4 21.4
19.96 23.8 24.52 19.32 18.92 22.44 24.8 20.48 20.52 21.4 25.8
22.72 19.28 20 19.72 21.24 21.6 19.28 17.16 20.12 20.08 20.12
18.56 19.72 21 20.48 21.44 23.28 21.8 19.92 19.68 23.56 19.8
21.2 21.28 22.48 19.92 23.48 19.36 22.36 25.2 17.16 22.28 22.92
20.96 19.68 23.56 17.68 21.28 19.92 20.88 21.8 19.6 21.36 23.44
23.2 19.96 25.04 22.64 22.12 22.6 19.08 24.92 29.2 19.76 22
21.32 19.92 18.8 21.76 20.16 20.2 21.16 21.2 22.2 21.36 18.28
24 19.96 18.16 17.92 20.04 19.52 18.08 18.24 20.16 18.8 21.84
21.12 24.32 20.2 19.16 20.8 26.2 21.56 19.84 20.88 24.72 23.8
18.36 22.56 21.44 23.72 21.96 21.08 19.2 18.68 21.56 20.88 19.44
19.88 21.08 20.88 20.44 17.32 24.64 20.56 18.88 17.76 24.84 25.96
21.6 27.8 23.36 19.72 22.56 25.44 22.8 22.56 17.8 25.48 26.2
17.44 27.12 22.48 18.2 21.76 20.04 25.2 20.32 22.12 21.8 17.44
2. previous instance: data/A-n60-k9.vrp
Statistical report after ..... 11 run
-*-*-*-*-*-*-*-*-*-*-*-*-*-*-*-*-*-*-*-*-*-*-*-*-*-*-*-*-*-*-*-*-*-*-*
Initial fitness:           Best fitness:              Time Elapsed:

0                          0                          0

0                          0                          0

0                          0                          0

0                          0                          0

0                          0                          0

0                          0                          0

0                          0                          0

0                          0                          0

0                          0                          0

0                          0                          0

0                          0                          0

-*-*-*-*-*-*-*-*-*-*-*-*-*-*-*-*-*-*-*-*-*-*-*-*-*-*-*-*-*-*-*-*-*-*-*
Algorithm is running:
Algorithm is running:
Algorithm is running:
Algorithm is running:
Algorithm is running:
Algorithm is running:
Algorithm is running:
Algorithm is running:
Algorithm is running:
Algorithm is running:
Algorithm is running:
1003 1011 1011 1029 1019 1003 1024 1013 1012 1018 997
1006 1034 1019 1038 1027 1011 1029 1022 1017 1020 1009
1015 1046 1031 1040 1028 1019 1042 1025 1018 1026 1018
1025 1047 1035 1042 1028 1035 1060 1030 1027 1027 1025
1032 1048 1042 1045 1034 1041 1060 1035 1036 1028 1028
1034 1061 1047 1050 1036 1045 1061 1035 1036 1033 1038
1041 1070 1051 1050 1045 1049 1065 1038 1038 1036 1048
1049 1071 1059 1059 1062 1049 1065 1042 1042 1044 1048
1069 1071 1067 1060 1063 1061 1069 1042 1043 1054 1057
1071 1072 1071 1069 1067 1068 1078 1050 1054 1063 1061
1074 1075 1074 1071 1067 1075 1079 1052 1054 1066 1068
1079 1078 1079 1071 1067 1076 1082 1065 1065 1071 1076
1084 1088 1087 1079 1074 1077 1083 1071 1074 1075 1077
1084 1089 1091 1081 1077 1081 1088 1081 1077 1079 1077
1085 1090 1095 1082 1080 1087 1088 1089 1084 1088 1078
1086 1093 1114 1089 1082 1090 1089 1099 1084 1088 1083
1087 1096 1114 1111 1088 1093 1094 1105 1088 1089 1085
1094 1098 1122 1114 1091 1093 1097 1108 1097 1093 1089
1097 1099 1123 1114 1097 1112 1105 1108 1099 1095 1094
1100 1105 1128 1115 1103 1115 1105 1116 1101 1098 1103
1106 1114 1135 1116 1113 1118 1126 1122 1102 1105 1123
1116 1117 1141 1119 1116 1121 1127 1123 1110 1109 1127
1130 1137 1145 1131 1118 1123 1128 1133 1112 1111 1140
1133 1139 1164 1150 1123 1132 1135 1134 1132 1119 1147
1161 1151 1166 1167 1128 1138 1149 1159 1155 1123 1161
6.56 6.72 7.72 7.52 7 6.48 12.2 6.48 7.52 6.72 7.52
6.56 9.16 7.12 6.96 8.04 6.48 7.84 7.68 8.6 12.6 6.96
6.72 7.4 9.64 7 9.48 6.48 10.44 7.68 7.92 7.88 7.2
10.4 7.6 7.12 7 13.32 12.68 12.36 10.72 8.48 7.64 9.36
6.48 8.8 12.12 12.84 6.08 6.64 12.08 7.92 7.48 10.36 8.72
6.48 8.32 7.28 5.96 8.28 7.44 11.16 7.68 7.48 6.52 6.96
6.48 13.32 8.32 5.96 8.68 6.64 9.28 7.92 9.64 6.12 7.32
7 13 7.28 6.08 7.96 9.92 7.44 10.64 7.04 7.88 6.96
11.24 12.68 9.56 6.08 9.24 9.76 8.8 7.08 8 6.36 9.72
11.24 7.52 12.12 9.8 6.56 7.52 7 7.56 9.6 10.76 11.4
6.48 8.84 7.12 5.96 7.32 9.76 9.2 10.2 9.6 6.36 9.04
6.52 9.36 6.96 12.72 6.56 6.64 7.44 11.12 12.72 7.24 10.52
7.4 7.64 7.52 6.68 11.4 9.16 7.44 6.76 10.88 6.68 9.8
8.64 6.72 10.96 7 10.56 10.28 7.92 7.92 10.4 7.32 7.08
6.88 7.32 7.52 8.32 8.36 5.56 9.2 7.28 8.04 6.68 7.8
7.28 8.32 7.56 8.48 7.36 10.04 7.92 7.6 7.24 6.76 8.52
6.44 7.88 6.84 8 7.36 8.28 10.52 8 12.04 6.6 9.72
6.24 7.44 9.72 9.12 6.52 5.56 11.44 7 7.24 6.68 8.04
8.08 7.88 12.04 10.36 9.4 7.52 7.88 7.48 8.44 6.68 7.8
6.88 6.84 6.84 8.16 12.28 5.56 7.44 7.48 7.76 7.92 7.8
6.96 7.64 9.52 7.92 5.88 6.4 9.16 8 7.24 8.32 7.72
9.2 7.2 8.52 8.16 5.88 6.44 10.12 6.76 10.16 10.08 9.72
6.64 10.04 12.4 8.04 5.88 5.56 8.72 9.44 11.04 7.52 9.12
6.52 7.28 10.44 11.72 6.52 5.56 10.88 11.88 10.08 6.88 12.16
9.32 11.2 10.36 12.96 6.68 10.08 10.28 12.44 9.48 10.96 9.04
3. previous instance: data/B-n35-k5.vrp
Statistical report after ..... 11 run
-*-*-*-*-*-*-*-*-*-*-*-*-*-*-*-*-*-*-*-*-*-*-*-*-*-*-*-*-*-*-*-*-*-*-*
Initial fitness:           Best fitness:              Time Elapsed:

0                          0                          0

0                          0                          0

0                          0                          0

0                          0                          0

0                          0                          0

0                          0                          0

0                          0                          0

0                          0                          0

0                          0                          0

0                          0                          0

0                          0                          0

-*-*-*-*-*-*-*-*-*-*-*-*-*-*-*-*-*-*-*-*-*-*-*-*-*-*-*-*-*-*-*-*-*-*-*
Algorithm is running:
Algorithm is running:
Algorithm is running:
Algorithm is running:
Algorithm is running:
Algorithm is running:
Algorithm is running:
Algorithm is running:
Algorithm is running:
Algorithm is running:
Algorithm is running:
817 821 826 826 827 829 803 830 807 822 826
818 829 827 827 829 829 826 835 813 823 829
831 830 836 832 836 831 828 836 829 833 848
834 833 839 835 847 832 838 836 850 835 862
834 844 842 838 848 836 843 842 865 837 863
836 845 843 839 853 842 844 844 868 838 865
838 846 847 840 862 843 859 846 871 840 868
838 852 848 843 864 845 860 849 872 840 870
843 860 880 849 864 846 861 864 873 842 872
844 862 880 850 873 851 868 865 878 844 873
847 863 884 852 873 852 871 865 881 847 881
851 865 888 863 876 852 873 866 883 851 882
863 866 890 872 878 853 876 870 884 860 884
868 868 894 877 879 862 877 874 885 863 886
869 869 902 880 882 867 879 876 889 864 888
872 874 905 883 884 871 881 876 889 866 891
878 875 907 888 884 875 892 878 891 867 892
879 876 907 889 886 877 905 880 892 875 892
883 878 922 892 888 878 905 882 892 876 893
886 880 922 895 888 892 915 884 896 879 897
886 891 924 902 895 892 925 886 909 901 897
894 897 927 906 896 904 927 892 912 909 906
901 932 935 927 906 908 938 908 913 911 933
921 934 943 928 917 920 945 917 917 943 936
933 954 946 928 918 946 1005 920 935 956 937
16 12.64 14.2 14.8 12.84 11.48 12.92 12.88 13.8 14.6 15.28
12.8 11.52 14.04 15.2 12.8 10 14.64 12.28 16.2 15.08 15
12.88 11.52 16.56 12.24 12.8 10.4 12.8 12.32 14.76 14.96 15.32
15.96 13 13.68 13.36 13.8 10 13.84 11.16 15.36 14.4 17.8
15.04 16.56 18.16 16.36 13.36 12.28 14.64 14.2 16.44 16.32 15.88
14.44 13.64 15 11.96 16.32 16.6 14.16 12.32 17.68 14.56 15.08
16.08 16.56 16 18.92 13.96 10.84 15.68 15.04 16.2 15.2 16.12
15.24 13.92 14.88 13.2 14.6 10.84 14.56 12.88 15.96 14.4 14.32
16.68 17.6 21.48 16.04 12.92 16.16 16.4 11.24 18.12 15.4 16.52
14.84 14.4 16.72 12.96 14.76 14.92 14.44 14.16 17 14.92 17.68
16.6 14.36 17.76 16.36 14.56 10.84 16.8 11.36 14.76 14.48 16.08
14.28 13 14.28 13.72 15.68 15.92 12.8 13.72 12.48 15.4 15.16
15.2 14.36 18.6 16.16 18.32 18.56 15.48 11.24 15.8 15.52 17.68
14.44 13.88 14.28 12.32 15.4 11.24 15.48 11.16 12.48 17.76 15.2
16.6 16.12 18.12 15.16 16.28 17.24 12.8 12.12 12.48 16.08 14.8
13.08 12.4 16.64 13.12 11.96 10.24 15.84 14.36 16.24 15.04 17.96
18.88 13.8 13.96 13.6 13.24 14.68 14.84 11.56 14.08 14.28 15.16
17 14.48 18.08 13.6 15.2 11.04 16.4 14.52 17.72 17.92 15.92
16.12 14.4 18.6 19.84 18.24 11.04 16.2 12.12 16.88 14.92 16.96
15.44 12.4 15.72 15.24 11.96 18.16 17.64 12.56 16.72 16.92 15.24
13.08 14.28 17.8 16.28 15.16 11.88 17.48 18.44 16.24 17.2 20.08
12.6 14.88 17.8 18.76 18.16 11.92 18.8 18.16 16.44 22.12 18.92
15.12 16.64 16.68 14 14.96 18.76 18.8 18.56 15.56 15.8 16.68
17.52 18.84 16 16.48 18.68 16.56 18.8 15.52 15.56 21.36 19.08
17.08 15.12 16 13.96 15.44 16.6 18 16.28 15.04 19.2 17.64
4. previous instance: data/B-n45-k5.vrp
Statistical report after ..... 11 run
-*-*-*-*-*-*-*-*-*-*-*-*-*-*-*-*-*-*-*-*-*-*-*-*-*-*-*-*-*-*-*-*-*-*-*
Initial fitness:           Best fitness:              Time Elapsed:

0                          0                          0

0                          0                          0

0                          0                          0

0                          0                          0

0                          0                          0

0                          0                          0

0                          0                          0

0                          0                          0

0                          0                          0

0                          0                          0

0                          0                          0

-*-*-*-*-*-*-*-*-*-*-*-*-*-*-*-*-*-*-*-*-*-*-*-*-*-*-*-*-*-*-*-*-*-*-*
Algorithm is running:
Algorithm is running:
Algorithm is running:
Algorithm is running:
Algorithm is running:
Algorithm is running:
Algorithm is running:
Algorithm is running:
Algorithm is running:
Algorithm is running:
Algorithm is running:
1360 1357 1379 1359 1390 1393 1378 1373 1354 1368 1371
1383 1376 1382 1374 1397 1393 1392 1395 1380 1373 1383
1391 1382 1389 1378 1397 1397 1396 1400 1394 1385 1391
1396 1399 1393 1391 1411 1400 1396 1404 1399 1390 1399
1405 1402 1400 1401 1417 1407 1396 1405 1400 1403 1401
1411 1405 1407 1401 1424 1413 1399 1406 1403 1403 1405
1411 1414 1409 1410 1425 1425 1400 1407 1403 1411 1407
1420 1420 1417 1410 1431 1433 1401 1411 1411 1412 1415
1423 1421 1417 1418 1432 1434 1404 1417 1411 1423 1416
1429 1422 1418 1426 1441 1442 1405 1422 1416 1424 1418
1450 1424 1418 1427 1444 1442 1420 1424 1423 1424 1432
1451 1426 1423 1442 1446 1445 1426 1427 1424 1425 1434
1453 1427 1423 1450 1450 1446 1436 1430 1428 1428 1437
1455 1434 1426 1455 1453 1450 1439 1436 1430 1439 1437
1461 1440 1431 1460 1453 1451 1450 1437 1433 1444 1447
1464 1445 1438 1486 1457 1454 1450 1438 1441 1447 1451
1480 1452 1455 1490 1457 1454 1452 1446 1448 1447 1454
1484 1453 1462 1495 1460 1455 1465 1456 1454 1450 1462
1489 1465 1467 1495 1471 1462 1469 1457 1476 1458 1463
1493 1470 1473 1503 1472 1466 1470 1458 1487 1467 1465
1503 1476 1481 1505 1475 1473 1488 1469 1502 1467 1471
1505 1477 1498 1509 1493 1478 1493 1471 1507 1469 1475
1509 1480 1507 1524 1496 1505 1503 1475 1525 1482 1477
1510 1490 1513 1525 1503 1506 1519 1481 1531 1497 1501
1514 1524 1524 1549 1541 1541 1525 1524 1535 1529 1525
18.92 18.28 23.56 22.8 24.6 24.04 19.12 20.12 21.36 20.52 21.44
20.12 18.4 20.92 20.44 20.08 18.76 21.04 18.64 23.64 21.52 20.36
17.76 17.72 19.8 21.4 23 19.28 19.92 24.6 20.88 18.84 27.04
19.72 21.12 21.72 22.56 21.16 20.44 17.96 25.96 22.52 19.08 22.76
18.28 18.6 19.52 18.28 21.08 22.28 23.64 19.84 20.52 19.92 20.96
26.2 17 23.88 20.76 21.92 22.6 22.88 18.84 22.56 23.72 21.96
17.12 19.08 24.68 20.48 21.32 20 17.92 17.56 18.2 18.44 21.76
28.56 21.16 22.28 19.12 22.24 20.72 19.84 22.6 25.6 18.56 19.24
18.8 17.56 21.32 18.36 20.88 22.8 22.52 25.6 20.08 18.6 22.04
19.36 16.84 24.48 17.6 22.4 20.48 18.8 19.08 19.68 22.24 24.96
18 18.36 21.44 19.64 19.96 18.84 22.16 24.72 20.4 19.36 24.44
20.4 21.64 24.12 20.08 28.24 23.2 20.96 18.28 23.72 22.88 19.2
23.04 20.36 22.2 18.24 23.28 18.52 19.84 19.72 23.08 20.56 23.68
23.28 20.84 24.76 19.88 23.56 20.24 20.44 20.16 21.28 21.56 31.24
20 22.88 23.32 21.24 19.84 27.88 23.32 17.52 23.04 21.84 20.88
19.52 17.04 20 21.48 20.12 23.6 21.92 23.64 19.12 21.24 22.48
25.24 18.44 22.12 20.8 21.84 21.68 25.6 21.72 22.24 19.24 20.28
21.28 16.92 27.04 20.52 20.68 22.68 17.4 20.32 20.92 18.2 20.68
28 18.08 20.48 18.92 20.84 21.52 18.48 23.08 21.32 22.44 24.16
18.8 25.76 24.2 21.6 18.76 21.48 22.36 22.12 20.08 20.52 23.88
19.12 20.76 19.36 21.84 21.32 20.08 20.4 22.72 19.44 21.64 25.24
21.12 23.44 25.96 21.28 20.48 18.52 19.28 19.32 20.88 22.04 23.56
22.16 21.12 19.64 18.36 23.6 21.8 19.76 20.12 21.8 22.36 22.08
21.84 19.08 23.64 22.44 21.96 22.88 17.92 18.52 20.4 19.84 21.56
19.48 18.12 19.92 20 21.44 20.84 21.84 22.72 18.84 21 23.48
5. previous instance: data/B-n68-k9.vrp
Statistical report after ..... 11 run
-*-*-*-*-*-*-*-*-*-*-*-*-*-*-*-*-*-*-*-*-*-*-*-*-*-*-*-*-*-*-*-*-*-*-*
Initial fitness:           Best fitness:              Time Elapsed:

0                          0                          0

0                          0                          0

0                          0                          0

0                          0                          0

0                          0                          0

0                          0                          0

0                          0                          0

0                          0                          0

0                          0                          0

0                          0                          0

0                          0                          0

-*-*-*-*-*-*-*-*-*-*-*-*-*-*-*-*-*-*-*-*-*-*-*-*-*-*-*-*-*-*-*-*-*-*-*
Algorithm is running:
Algorithm is running:
Algorithm is running:
Algorithm is running:
Algorithm is running:
Algorithm is running:
Algorithm is running:
Algorithm is running:
Algorithm is running:
Algorithm is running:
Algorithm is running:
1339 1367 1365 1350 1355 1347 1363 1340 1342 1352 1358
1356 1373 1366 1355 1369 1357 1365 1341 1346 1373 1362
1359 1376 1380 1356 1380 1370 1370 1362 1373 1387 1364
1364 1383 1380 1361 1381 1375 1377 1366 1378 1387 1365
1374 1384 1381 1365 1381 1377 1386 1370 1388 1388 1370
1383 1391 1385 1371 1381 1384 1388 1390 1393 1390 1372
1384 1394 1390 1374 1382 1390 1389 1391 1395 1390 1375
1389 1402 1390 1379 1392 1398 1395 1391 1399 1393 1387
1391 1407 1406 1388 1396 1398 1396 1391 1405 1399 1401
1391 1407 1406 1396 1400 1403 1399 1394 1415 1401 1404
1392 1408 1408 1401 1403 1405 1401 1397 1422 1408 1404
1400 1409 1409 1404 1406 1412 1405 1397 1423 1409 1406
1404 1410 1410 1414 1406 1415 1407 1398 1428 1410 1416
1404 1414 1412 1427 1408 1416 1408 1408 1435 1410 1418
1407 1415 1421 1429 1410 1416 1414 1412 1436 1418 1420
1418 1425 1426 1440 1413 1418 1414 1413 1437 1421 1434
1420 1428 1428 1440 1419 1429 1414 1416 1438 1422 1434
1423 1441 1435 1441 1428 1432 1423 1417 1448 1422 1443
1444 1445 1442 1447 1437 1434 1426 1424 1448 1428 1453
1456 1450 1456 1448 1446 1434 1434 1433 1449 1442 1460
1472 1453 1471 1452 1450 1437 1441 1435 1456 1455 1460
1473 1455 1506 1452 1467 1461 1453 1448 1460 1483 1470
1478 1455 1511 1462 1475 1477 1485 1484 1477 1491 1481
1501 1486 1513 1480 1476 1507 1504 1493 1482 1507 1542
1537 1488 1523 1502 1485 1514 1514 1525 1487 1510 1599
20.28 23.4 23.04 20.2 26.24 19.2 25.92 21.48 21.72 27.44 22.16
21.44 19.92 23.04 19.24 23.08 19.6 24.24 20.32 20.96 22.16 20.12
20.28 24 22.36 22.52 24.32 21.28 20.56 20.32 22.6 23.8 21.88
24.48 27.88 23.08 22.24 23.36 20.8 20.28 21.44 19.36 25.4 20.36
32.24 21.36 24.24 21.64 27.08 22.84 23.6 22.04 24.68 23.68 20.84
26.84 21.68 21.68 26.32 21.36 24.52 22.64 21.68 24.04 20.48 23.32
25.24 22 21.64 21.76 22.92 24.52 20.88 23 20.56 26.84 23.36
20.56 22.92 22.56 21.12 21.84 21.48 22.8 21.56 23.92 21.76 19.68
20.44 22.96 26.72 21.44 22.36 23.48 23.8 24.96 18.68 23 20.08
24.8 25.84 21.12 23.92 22.6 21.08 22.24 22.24 23.44 24.6 21.52
23.24 26.44 22.32 20.92 27.72 18.12 26.72 20.56 22.4 22.84 19.96
26.36 23.92 22.52 25.96 23.36 23.72 23.04 21 20.52 21.96 20.28
19.88 22.6 26.12 23.08 25.48 21.72 19.92 24.8 24.08 27.92 21.64
21.68 21.8 21.92 20.6 25.88 19.48 20.24 22.44 22.04 25.32 24.36
21.2 21.4 22.96 20.8 24.16 23.12 21.44 26.52 22.88 25.68 24.76
26.4 26.44 28.04 25.6 22.8 21.28 23.84 25.72 22.24 24.68 20.28
25.72 20.92 24.2 21.08 23.12 20.64 25.64 22.8 24.28 21.44 22.76
21 20.36 26.64 30.48 24.04 23.64 28.4 21.44 23.64 24.48 23.64
24.24 25.8 23.6 22.48 23.52 23.96 24.4 26.28 30.16 29.28 25
23.56 24.76 21.84 25.12 21.32 23.88 20.88 25.96 22.04 25.04 22.12
25.8 21.28 25.2 29.04 27.12 20.8 23.96 23.16 30.16 27.56 26.68
26.28 25.52 21.68 23.92 25.56 27.4 24.08 26.52 21.24 22.36 26.6
19.72 27.24 25.52 22.36 23.12 21.28 26.8 25.88 23.16 21.88 21.48
19.32 24.72 23.08 34.44 23.16 19.76 27.12 24.2 28 25.68 34.04
26.48 24.84 30.12 23.68 22.72 21.96 25.2 27.84 29.16 24.44 27.84
6. previous instance: data/B-n78-k10.vrp
Statistical report after ..... 11 run
-*-*-*-*-*-*-*-*-*-*-*-*-*-*-*-*-*-*-*-*-*-*-*-*-*-*-*-*-*-*-*-*-*-*-*
Initial fitness:           Best fitness:              Time Elapsed:

0                          0                          0

0                          0                          0

0                          0                          0

0                          0                          0

0                          0                          0

0                          0                          0

0                          0                          0

0                          0                          0

0                          0                          0

0                          0                          0

0                          0                          0

-*-*-*-*-*-*-*-*-*-*-*-*-*-*-*-*-*-*-*-*-*-*-*-*-*-*-*-*-*-*-*-*-*-*-*
Algorithm is running:
Algorithm is running:
Algorithm is running:
Algorithm is running:
Algorithm is running:
Algorithm is running:
Algorithm is running:
Algorithm is running:
Algorithm is running:
Algorithm is running:
Algorithm is running:
588 588 588 588 588 588 592 588 588 588 603
592 588 588 590 592 592 592 592 588 602 605
602 588 592 592 594 602 606 605 592 605 610
605 610 593 605 598 602 610 609 592 606 610
606 613 609 609 601 606 611 610 602 607 613
607 613 610 610 609 610 613 610 609 613 614
616 617 612 610 610 610 616 612 610 613 616
616 617 619 619 610 611 616 616 610 616 616
617 619 619 622 616 617 617 617 610 618 619
626 619 619 627 616 619 617 619 619 619 620
627 619 623 631 617 619 619 625 620 620 624
627 619 624 631 618 619 619 627 621 620 629
633 628 624 634 618 620 620 629 627 624 629
635 629 631 635 627 620 622 633 627 634 631
635 634 636 636 630 620 627 634 627 637 639
636 636 636 636 631 633 628 637 633 638 641
637 636 638 636 636 634 629 638 636 644 641
641 639 642 637 637 636 635 648 637 645 644
641 644 644 641 642 641 641 649 639 647 646
644 644 645 644 644 644 644 650 641 657 647
644 649 647 644 644 652 644 653 648 657 650
647 650 657 644 647 656 646 659 659 659 652
649 652 661 644 656 657 647 664 659 665 667
657 656 664 644 657 659 657 665 661 667 673
664 657 668 665 667 666 673 666 665 675 687
4.36 4.36 4.84 3.48 3.92 3.72 2.88 5.36 4.16 5.16 9
4.36 4.36 4.84 8.88 3.92 3.72 2.88 5.36 4.16 4.56 3.56
3.72 4.36 4.84 3.48 8.4 3.08 2.32 5.16 4.16 5.04 3.88
4.08 4.28 8.12 2.72 3.32 3.08 2.32 5.16 4.16 5.16 2.96
4.36 4.24 4.8 2.72 8.4 3.08 2.32 4.88 4.24 7.44 3.56
8.36 4.24 4.84 3.48 3.56 3.08 2.32 4.88 4.4 5.04 2.96
8.36 4.24 8.12 3.48 3.32 3.08 2.32 7.52 4.16 5.04 2.96
3.72 4.24 4.8 3.56 3.92 3.8 2.32 4.88 4.16 4.56 2.96
4.08 4.6 5.72 3.48 3.32 3.8 2.32 5.16 4.16 4.56 4.68
3.72 4.6 5.72 2.72 3.32 4.04 2.32 5.76 4.96 6.2 2.96
4.08 4.24 4.8 2.72 3.56 4.04 4.24 7.52 4.24 4.56 2.96
4.08 4.6 4.76 2.72 3.32 4.04 2.32 5.16 8 4.56 3.76
4.6 9 4.76 8.88 3.32 3.08 2.32 5.28 4.4 4.56 3.76
4.08 4.52 4.8 2.72 3.56 3.08 2.32 5.28 4.4 8.64 3.56
3.72 11.96 10.32 2.8 3.32 3.08 2.32 8.08 4.4 4.56 2.96
4.96 11.96 10.32 2.8 3.56 3.4 2.32 10.6 5.04 7.44 2.96
4.6 4.48 5.68 2.8 4.6 8.84 3.68 5.56 5.2 6.08 3.76
4.6 9 10.32 3.56 4.36 4.12 2.32 5.28 11.4 9.36 4.36
4.6 4.92 5.68 3.56 11.12 3.4 2.32 5.28 11.4 5.48 4.36
11.24 4.48 10.32 4.12 4.6 4.12 3.68 10.6 5.04 9.36 4.16
11.24 4.52 5.2 2.8 4.6 3.4 12.16 8.08 5.04 5.6 11.32
4.72 11.96 5.64 2.8 4.36 11.76 3.68 8.08 8.88 8.64 3.76
4.6 4.52 10.32 2.8 11.12 3.4 3.2 10.6 11.4 9.36 11.32
11.24 11.96 10.32 2.8 4.36 9.24 12.16 5.76 11.4 9.36 4.16
11.24 4.52 5.64 9.12 11.12 10.92 3.2 9.36 8.88 8.8 11.32
7. previous instance: data/E-n30-k3.vrp
Statistical report after ..... 11 run
-*-*-*-*-*-*-*-*-*-*-*-*-*-*-*-*-*-*-*-*-*-*-*-*-*-*-*-*-*-*-*-*-*-*-*
Initial fitness:           Best fitness:              Time Elapsed:

0                          0                          0

0                          0                          0

0                          0                          0

0                          0                          0

0                          0                          0

0                          0                          0

0                          0                          0

0                          0                          0

0                          0                          0

0                          0                          0

0                          0                          0

-*-*-*-*-*-*-*-*-*-*-*-*-*-*-*-*-*-*-*-*-*-*-*-*-*-*-*-*-*-*-*-*-*-*-*
Algorithm is running:
Algorithm is running:
Algorithm is running:
Algorithm is running:
Algorithm is running:
Algorithm is running:
Algorithm is running:
Algorithm is running:
Algorithm is running:
Algorithm is running:
Algorithm is running:
665 647 649 654 669 658 666 618 665 655 651
686 649 665 662 671 670 667 668 675 666 653
692 658 674 681 678 676 670 668 675 668 657
696 671 677 682 686 678 673 673 685 671 667
697 681 700 683 687 681 675 683 685 672 669
702 682 703 683 695 682 684 688 688 676 675
704 682 711 687 697 682 689 690 695 682 677
711 683 715 689 700 683 692 695 695 695 684
713 689 716 691 701 683 697 696 696 699 684
714 699 717 693 710 702 699 697 700 702 685
714 704 717 693 711 705 700 697 702 710 691
715 705 719 699 712 709 701 703 704 710 693
717 705 721 700 719 711 702 711 706 714 705
721 709 722 703 729 713 705 713 707 715 708
723 709 727 704 729 714 708 715 707 716 708
726 710 729 705 735 718 713 720 712 719 710
726 713 729 706 737 723 726 721 721 719 712
727 719 737 711 740 725 726 722 723 723 715
733 724 743 718 742 727 730 724 733 724 716
734 729 754 721 745 736 730 728 741 728 722
738 732 758 722 749 738 736 731 742 736 729
741 743 765 737 750 745 739 731 750 739 742
742 743 772 744 750 747 751 737 752 743 745
763 752 784 746 751 751 757 766 768 744 750
781 783 788 757 755 774 761 770 772 746 787
21.08 20.32 21.88 16.64 22.36 23.72 21.68 20.44 19.36 19.24 18.72
19.6 20.68 24.72 21.32 22.76 20.68 23.32 20.76 19.4 18.52 22.56
24.2 20.84 24.04 20.8 23.28 18.08 19.92 17.4 21.76 21.08 22.64
20 19.76 22.44 19.84 21.32 18.72 19.28 21.84 22.56 20.08 21.64
20.6 22.32 19.12 15.72 20.52 22.28 23.12 20.08 21.04 23.64 21
20.96 22.36 20.56 19.16 22.64 21.32 23.12 18.56 22.12 22.76 24.08
24.08 21.84 23.12 21.6 18.64 18.92 19.84 24.72 24.72 23.56 20.84
21.2 24.2 22.96 15.12 21.72 22.56 21.64 21.24 19.48 21.92 22.36
21.08 21.44 22.08 17.16 23.08 23.64 21.88 18 17.96 22.36 20.72
22.92 25.8 22.64 17.72 22.72 22.96 22.64 18.84 19.24 22.44 23.52
20.84 22.24 19.2 20.48 22.12 20.44 22.28 17.12 22.68 20.8 21.56
21.4 18.16 23.8 19.68 19.08 21.2 20.04 19 22.16 21.08 19.08
22.88 20.64 23.24 19.68 21.32 24.52 22.2 19.04 19.28 22.12 20.76
22.84 19.4 22 18 23.68 24.16 22.8 20.96 21.52 23.2 23.52
22.28 22.88 23.04 22.64 22.88 23.32 22.8 20.84 18.88 18.2 21.24
21.52 19.52 21.4 18.08 20.2 22.64 23.8 22.04 23.32 24.04 22.04
21.8 18.88 21.92 20.08 22.68 22.36 25.08 23.24 20.28 21.28 21.6
23.36 18.2 22.32 17.36 19.24 25.08 23.16 18.56 23.04 19.76 24.32
22.16 23.68 22.8 23.24 22.04 23.08 20.16 20.6 21.12 20.28 24.08
21.92 18.48 19.8 18.36 19.48 21.12 22.76 21.28 20.8 20.28 19.68
19.96 23.84 25.2 21.28 22.88 20.88 22.88 22 23.76 21.92 21.6
23.52 23.12 26.24 19.28 21 22.84 22.12 19.92 21.04 22.68 21.92
21.68 19.04 23.48 18.52 23.72 23.28 18.52 18.92 20 27.44 22.64
21.84 19.88 22.96 22.08 21.32 24.72 19.96 22.64 22.64 20.8 21.32
25.32 18.52 20.12 23.04 22.68 20.76 22.72 24.76 19.84 25.24 22.12
8. previous instance: data/E-n51-k5.vrp
Statistical report after ..... 11 run
-*-*-*-*-*-*-*-*-*-*-*-*-*-*-*-*-*-*-*-*-*-*-*-*-*-*-*-*-*-*-*-*-*-*-*
Initial fitness:           Best fitness:              Time Elapsed:

0                          0                          0

0                          0                          0

0                          0                          0

0                          0                          0

0                          0                          0

0                          0                          0

0                          0                          0

0                          0                          0

0                          0                          0

0                          0                          0

0                          0                          0

-*-*-*-*-*-*-*-*-*-*-*-*-*-*-*-*-*-*-*-*-*-*-*-*-*-*-*-*-*-*-*-*-*-*-*
Algorithm is running:
Algorithm is running:
Algorithm is running:
Algorithm is running:
Algorithm is running:
Algorithm is running:
Algorithm is running:
Algorithm is running:
Algorithm is running:
Algorithm is running:
Algorithm is running:
856 837 848 866 847 849 849 863 870 873 866
866 866 864 867 866 864 865 868 875 875 889
885 873 872 868 875 867 887 877 879 876 894
887 877 887 872 884 895 895 881 886 886 897
900 878 887 891 897 898 900 881 898 896 898
901 907 890 896 897 905 902 882 900 897 904
903 912 897 900 905 915 903 888 906 905 913
911 919 897 906 905 919 907 891 914 905 914
911 922 911 909 910 921 914 908 916 906 915
913 924 913 910 919 927 917 908 930 909 919
915 925 921 911 920 938 919 911 932 911 920
917 926 924 921 922 945 920 918 933 917 923
918 928 929 924 922 948 932 922 933 917 926
920 929 930 932 924 950 943 926 936 917 932
929 937 944 938 926 952 946 929 937 925 942
931 939 952 941 928 955 951 944 938 930 948
931 942 956 942 932 959 956 956 938 932 949
941 944 961 943 946 964 956 967 947 933 957
946 951 966 944 952 969 966 971 950 940 959
953 966 966 950 952 973 977 975 964 949 966
956 973 971 954 957 974 978 982 967 950 967
958 980 972 973 959 979 981 985 969 953 972
961 981 981 980 972 986 987 989 971 958 975
1007 1003 993 983 983 997 993 997 978 992 979
1011 1050 1000 992 991 1003 1017 1011 989 992 982
32.2 35.04 36 36.88 31.04 33.36 35.28 36.36 36.84 34.36 30.68
38.12 33.48 37.72 35.48 37.44 32.84 35.88 32.04 33.12 36.72 37.96
34.04 35.04 33.44 32.92 35.36 31.12 31.36 33.12 35.16 34.32 33.12
36.56 33.16 34.32 36.88 36.64 34.4 33.36 32.12 34.24 37.52 37.6
35.92 33.96 32.2 33.24 33.8 32.4 33.28 36.72 34.24 36.04 34.88
37.24 35.88 34.8 40.12 37.72 37.4 33.68 33.32 37.96 33.48 34.88
35.4 35.04 38.44 35.4 36.88 38.2 35.6 34.28 38.92 35.8 34.4
36.92 36.52 33.6 37.28 36.92 36.68 34.88 36.88 35.44 33.8 33.32
37.32 33.08 29.88 33.4 34.08 34.2 34.48 34.16 36.52 37.32 37.96
30.28 32.64 38.8 36.64 36.24 34.2 31.68 36.2 39.16 34.24 31.72
32.16 34.4 36.16 34.72 36.28 36.72 35.32 34.64 35.32 36.36 37.04
32.96 37.88 29.16 36.2 33.72 35.76 36.08 35.04 37 35 38.24
39 38 33.8 36 33.72 36.52 35 34.12 36.36 34.56 36.32
33.68 35.24 32 35.28 36.28 35.32 36.72 39.44 37.32 37 37.32
30.64 36.8 35.64 36.04 36.76 36.36 36.76 34 37.8 37.36 36.2
36.12 36.44 35.04 36.64 33.88 39.76 33.48 35.88 34.28 36.48 37.76
37.16 34.12 35 33.92 37.04 35.68 35 34.72 36.24 35.88 34.6
37.72 33.48 36.28 39.04 35.08 35.72 36.88 36.56 37.76 35.44 36.2
34.48 33.28 32.6 36.32 35.4 37 36.56 37.64 36.92 34.24 35.8
36.84 36.96 31.4 36.8 36.04 37.84 38.04 34.68 37.88 38.2 33.92
36.36 34.8 36.56 32.84 37.76 40.08 33.08 38.16 38.04 37.32 34.32
32.88 38.16 33.92 38.08 39.24 33.52 39.52 33.56 41.12 39 40.16
30.96 40.84 31.92 36.92 34.32 38.84 33.64 36.36 35.52 37.4 37.96
35.88 36.2 37.08 34.8 37.16 38.04 36.52 34.48 35.24 41.88 39.24
36.4 34.16 35.92 36.24 38.44 37.88 34.6 36.36 34.44 37.84 36.24
9. previous instance: data/E-n76-k7.vrp
Statistical report after ..... 11 run
-*-*-*-*-*-*-*-*-*-*-*-*-*-*-*-*-*-*-*-*-*-*-*-*-*-*-*-*-*-*-*-*-*-*-*
Initial fitness:           Best fitness:              Time Elapsed:

0                          0                          0

0                          0                          0

0                          0                          0

0                          0                          0

0                          0                          0

0                          0                          0

0                          0                          0

0                          0                          0

0                          0                          0

0                          0                          0

0                          0                          0

-*-*-*-*-*-*-*-*-*-*-*-*-*-*-*-*-*-*-*-*-*-*-*-*-*-*-*-*-*-*-*-*-*-*-*
Algorithm is running:
Algorithm is running:
Algorithm is running:
Algorithm is running:
Algorithm is running:
Algorithm is running:
Algorithm is running:
Algorithm is running:
Algorithm is running:
Algorithm is running:
Algorithm is running:
287 288 292 277 279 282 283 286 283 282 280
289 291 297 283 281 300 288 290 289 286 288
293 292 302 287 281 301 300 296 289 290 290
294 293 302 290 291 304 302 304 290 292 297
297 294 305 291 291 306 304 305 295 293 303
297 300 307 298 293 307 307 306 298 294 304
300 301 308 298 294 308 310 311 302 294 304
301 309 314 300 295 309 315 311 302 302 305
301 309 315 305 296 309 315 313 303 304 307
302 311 315 307 297 309 317 319 303 308 308
306 317 320 307 300 310 318 320 305 309 310
306 319 322 309 307 312 320 321 305 311 322
312 321 325 309 311 313 322 321 305 315 325
316 321 327 310 314 317 323 322 309 320 327
320 324 330 312 314 321 324 323 311 322 331
320 325 333 315 319 322 325 325 311 323 334
327 327 338 318 328 323 326 327 312 327 339
328 328 338 321 329 323 328 328 332 328 341
332 331 340 321 333 327 328 328 334 329 342
334 331 342 323 337 330 331 337 339 331 342
336 334 343 325 338 334 334 339 341 334 345
345 341 343 332 340 338 337 340 344 342 347
347 343 346 335 340 350 338 341 349 345 348
350 343 346 341 342 353 339 343 351 349 349
355 346 347 354 344 356 351 344 353 350 353
21.28 19.08 17.6 21.16 16.92 18.88 21.16 27.36 17.96 13 17
18.84 14.32 23.52 17.48 18.4 22.88 26.84 30.32 20.92 21.76 21.44
15.84 29.24 23.36 26.28 17.92 30.56 18.4 29.96 15.92 32.92 16.8
29.36 15.52 27.32 24.36 25.64 37.56 19.52 17.2 23.48 21.36 19.28
21.44 20.92 28.72 15.48 18.48 20.04 17.8 18.76 18.2 13.64 20.64
21.04 19.2 21 18.36 24.56 22.16 17.76 19.52 20.92 13 29.08
15.76 14.68 17.04 27.76 16.24 21.92 27.04 19.36 20.36 32.48 37.12
20.4 22.8 20.88 15.64 37.52 18.64 39.64 22.52 23.92 15.52 16.24
19.88 30.16 25.44 26.72 19.8 17.56 19.2 19.32 31.52 20.88 16.24
18.72 18.48 22.2 16.6 17.96 18.12 24.32 24.44 19.92 28.44 29.84
20.64 22.6 23.76 28.48 17.16 22.48 20.04 27.2 17.68 21.52 20.68
20.16 14.68 29.12 17.88 22.48 18.4 39.16 20.52 20.44 29.32 34.56
20.16 14.68 36.6 20.2 16.96 19.8 22.44 27.64 17.88 32.68 20.64
18.92 32.88 30.24 17.52 24.32 23.48 26.6 20.12 16.44 22.28 20.64
28.84 32.52 21.52 21.8 22.96 19.96 28.6 22.64 22.08 14.88 20.96
19.12 32.16 17.72 20.76 22.32 19.96 28.28 20.52 20.64 20.88 32.24
19.12 27.68 29.8 19.44 19.36 29.88 18.52 17.2 16.56 27.88 21.76
29.16 18.48 30.72 23.08 20.84 18.92 18.52 16.96 23.88 25.64 18.4
16.08 27.68 22.12 27 23.36 34.12 18.64 16.96 18.88 15.52 20.64
19.88 27.28 28.16 18.68 22.4 19.36 19.12 35.52 16.36 33.88 26.72
34.36 34.92 30.92 22.28 30.52 23.48 19.76 17.12 21.92 22.72 29.4
29.36 15.08 18.48 17.8 23.48 39.68 16.64 16.64 20.68 27.88 29.68
19.88 20.64 19.64 28.08 20.24 17.8 19.96 19.6 21.48 16 21.56
42.68 19.92 31.24 44.36 39 21.68 27.04 28.04 17.28 28.56 20.88
19.52 22.6 20.08 21.6 36.72 50.56 21.04 24.24 28.88 31.28 16.44
10. previous instance: data/F-n72-k4.vrp
Statistical report after ..... 11 run
-*-*-*-*-*-*-*-*-*-*-*-*-*-*-*-*-*-*-*-*-*-*-*-*-*-*-*-*-*-*-*-*-*-*-*
Initial fitness:           Best fitness:              Time Elapsed:

0                          0                          0

0                          0                          0

0                          0                          0

0                          0                          0

0                          0                          0

0                          0                          0

0                          0                          0

0                          0                          0

0                          0                          0

0                          0                          0

0                          0                          0

-*-*-*-*-*-*-*-*-*-*-*-*-*-*-*-*-*-*-*-*-*-*-*-*-*-*-*-*-*-*-*-*-*-*-*
Algorithm is running:
Algorithm is running:
Algorithm is running:
Algorithm is running:
Algorithm is running:
Algorithm is running:
Algorithm is running:
Algorithm is running:
Algorithm is running:
Algorithm is running:
Algorithm is running:
1378 1412 1397 1371 1307 1353 1312 1372 1326 1374 1361
1422 1426 1408 1376 1350 1356 1362 1373 1400 1392 1391
1423 1429 1419 1382 1356 1357 1398 1388 1403 1413 1401
1435 1433 1422 1401 1375 1372 1429 1397 1410 1444 1411
1447 1446 1427 1407 1379 1389 1434 1422 1424 1446 1413
1449 1461 1437 1426 1402 1443 1435 1429 1427 1451 1447
1467 1462 1453 1429 1414 1445 1439 1433 1433 1459 1455
1471 1467 1455 1453 1418 1452 1450 1435 1436 1469 1467
1484 1481 1459 1468 1442 1459 1461 1455 1453 1470 1469
1486 1482 1462 1475 1446 1461 1462 1458 1476 1474 1471
1486 1482 1519 1482 1449 1466 1463 1472 1479 1479 1474
1491 1484 1526 1489 1455 1467 1464 1482 1498 1491 1482
1500 1486 1537 1492 1457 1469 1470 1484 1504 1503 1487
1501 1496 1538 1504 1474 1475 1471 1488 1508 1505 1507
1503 1497 1542 1516 1487 1479 1481 1504 1519 1510 1508
1514 1502 1545 1516 1516 1491 1507 1505 1522 1525 1510
1524 1512 1552 1519 1518 1493 1509 1517 1525 1526 1514
1527 1520 1553 1525 1538 1497 1520 1520 1525 1527 1516
1537 1539 1573 1530 1549 1500 1541 1524 1526 1540 1518
1556 1542 1576 1541 1558 1522 1549 1524 1527 1541 1538
1557 1551 1581 1543 1565 1524 1557 1566 1545 1556 1548
1570 1555 1589 1551 1572 1611 1559 1568 1566 1572 1549
1577 1564 1600 1553 1580 1633 1576 1573 1590 1591 1559
1588 1568 1604 1592 1629 1647 1596 1609 1603 1592 1594
1607 1631 1635 1656 1692 1652 1652 1613 1680 1641 1680
51.68 57.16 60.56 51.08 65.56 53.08 59.6 60.36 62.16 54.32 65.24
61.32 48.32 49.92 57.56 56.96 58.44 63.56 46.96 50.92 59.4 54.96
54.64 58.64 53.92 56.76 53.44 54.76 59.08 52.64 57.52 47.6 49.92
59.52 56.12 68.08 56.52 51.52 51.84 58.76 55.48 49.92 60.12 54.32
51.08 53.6 71.52 52.08 58.96 57.64 69.04 55.56 57.88 58.32 54.4
53.56 61.8 59 53.88 67.28 51.96 53.88 51.24 60.56 57.36 49.04
55.52 50.28 61.8 64.32 54.32 53.6 58.84 64.92 51.4 49.04 58.04
55.44 50.8 62.84 54.76 53.76 63.36 55.44 60.36 58.24 54.56 49
51.24 58.16 59.04 54.12 55.04 54.68 54.92 62.96 57.24 52.8 58.76
65.44 51.8 54 57.56 58.76 55.92 57.12 57.36 55.88 61.72 55.52
63.08 65.44 48.76 62.64 58.52 52.76 59.48 52.76 58.52 59.16 62.92
66 48.88 51.48 59.96 56.4 60 52.2 58.08 58.76 52.36 58.36
53.44 53 52.24 53.92 51.8 57.2 61.12 64.88 52.04 60.28 49.88
59.24 62.36 59.6 56.4 60.92 52.6 56.36 54.04 56.48 57.32 56.6
53.12 54.92 66.36 52.64 61.08 60 59.76 51.84 54.68 65.76 60.16
50.08 61.64 55.6 51.6 52.92 57.8 61.68 52.72 56 56.56 58.04
58.24 53.64 66.88 62.56 63.64 50.08 60.2 55.96 54.24 50.96 55.72
50.48 49.8 54.56 66.12 50.64 73.44 58.04 50.56 57.68 55.8 59.96
60.12 58.72 53.72 52.48 58.44 56.6 55.76 57.88 60.64 66.16 51.48
60.36 53.76 59.96 55.12 59 60.12 53.2 55.12 51.88 64.04 49.32
67.56 62.68 58.84 55.56 65.36 60.84 53.16 66.52 50.36 55.32 49.2
57.4 57.24 52.16 54.28 52.24 68 51.32 59.4 63.72 66.72 56.32
64.2 50.48 55.16 57.08 52.8 50.16 64.52 52.6 57.24 65.84 57.64
53.32 59.32 63.8 54.56 65.76 59.68 64.12 54.88 62.72 58.8 49.52
59.04 51.68 63.44 61 58.24 58.52 67.64 63.28 56.68 60.04 56.52
11. previous instance: data/F-n135-k7.vrp
Statistical report after ..... 11 run
-*-*-*-*-*-*-*-*-*-*-*-*-*-*-*-*-*-*-*-*-*-*-*-*-*-*-*-*-*-*-*-*-*-*-*
Initial fitness:           Best fitness:              Time Elapsed:

0                          0                          0

0                          0                          0

0                          0                          0

0                          0                          0

0                          0                          0

0                          0                          0

0                          0                          0

0                          0                          0

0                          0                          0

0                          0                          0

0                          0                          0

-*-*-*-*-*-*-*-*-*-*-*-*-*-*-*-*-*-*-*-*-*-*-*-*-*-*-*-*-*-*-*-*-*-*-*
Algorithm is running:
Algorithm is running:
Algorithm is running:
Algorithm is running:
Algorithm is running:
Algorithm is running:
Algorithm is running:
Algorithm is running:
Algorithm is running:
Algorithm is running:
Algorithm is running:
972 957 933 969 948 962 960 956 952 970 969
982 968 947 988 988 978 985 956 979 988 986
997 977 957 996 997 979 988 971 982 990 993
997 981 963 1018 998 985 989 980 983 1012 1008
1006 983 980 1018 1010 990 991 983 985 1018 1015
1020 984 985 1018 1048 990 1001 995 1015 1020 1020
1025 992 989 1019 1052 999 1015 1003 1036 1037 1035
1028 993 1000 1032 1062 1017 1016 1005 1039 1040 1036
1040 1006 1000 1034 1066 1025 1018 1020 1062 1046 1037
1042 1007 1012 1037 1068 1049 1022 1049 1071 1053 1055
1043 1017 1021 1049 1069 1053 1031 1051 1074 1053 1057
1046 1020 1023 1051 1076 1057 1047 1052 1074 1058 1059
1056 1021 1030 1055 1079 1070 1056 1059 1089 1061 1067
1060 1034 1045 1073 1084 1071 1060 1060 1090 1074 1082
1061 1035 1057 1096 1088 1082 1071 1082 1114 1080 1089
1063 1040 1061 1103 1093 1084 1075 1083 1116 1103 1101
1129 1058 1065 1110 1109 1088 1089 1087 1119 1115 1107
1132 1061 1074 1120 1110 1099 1098 1094 1124 1117 1108
1134 1064 1076 1125 1120 1115 1120 1112 1130 1132 1113
1141 1089 1083 1142 1122 1130 1127 1134 1152 1134 1114
1156 1094 1111 1146 1125 1136 1132 1150 1164 1141 1116
1159 1094 1124 1157 1149 1144 1157 1174 1164 1148 1137
1161 1115 1131 1163 1156 1156 1163 1192 1169 1153 1144
1168 1117 1139 1200 1184 1174 1166 1195 1175 1210 1147
1179 1195 1148 1206 1203 1203 1234 1257 1183 1210 1163
27.32 23.6 29.04 29.64 26.48 23.12 27.4 25.56 26.72 24.6 26.4
22.08 27.6 29.16 18.84 29.04 31.12 28.72 24.48 25.28 29.8 24.08
24.4 21.56 30.16 26.44 22.64 22.8 31.48 26.64 28.08 27.92 22.48
23.48 25.84 23.28 32.72 24.16 26.44 29.64 23.08 23.84 31.76 29.56
30.36 25.12 23.96 25.64 28.84 24.48 23.96 29.16 28.04 28.28 28.24
25.88 22.08 33.96 32.52 23.92 20.8 25.16 23.76 27.88 24 27.8
22.04 22.88 25.24 19.68 22.16 21.48 25.92 30.48 21.96 25.08 25.08
26.84 29.88 25.96 23.64 24.88 25.2 23.6 29.52 29 30.72 20.92
22.72 20.04 27.8 21.96 29.48 23.72 22.96 30.04 24.76 30.16 25.24
26.44 25.36 29.8 21.52 24.12 26.56 30.12 30.56 26.28 30.64 26.08
21.08 25.36 23.96 23.4 29.36 28.52 23.72 22.76 27.52 32.56 27.16
26.92 26.68 24.04 25.68 27.04 22.96 28.56 23.08 26.72 28.68 27.4
23.96 22.6 27.56 20.8 29.88 25.04 26.04 32 23.96 26.08 30.64
27.52 23.52 23.96 28.8 30.64 26.32 24.8 27.32 24.44 30.24 24.28
24.92 19.68 26.48 30.16 28.48 22.04 32.08 32.32 25.96 30.12 21.44
20.72 21.12 31.6 22.24 25.6 31.52 26.88 29.92 28.92 30.92 25.76
25.04 33.8 27.28 29.48 23.92 26.76 24.84 23.12 27.24 33.76 34.64
31.44 28.2 22.64 29.2 28.68 21.28 24.88 26.56 30.44 29.48 27.8
29.8 26.48 33.16 28.36 26.64 28.52 28.52 33.32 29.4 31.84 30.32
25.36 30.96 26.8 25.76 25.76 25.16 35.92 30 23.84 30.32 28.6
29.56 23.52 27.68 29.32 26.16 30.96 32.64 29.44 28.6 32.56 27
32.2 33.76 25.6 29.12 28.24 29.68 31.36 30.16 25.28 32.32 25.92
31.8 26.68 33.44 35.84 31.8 29.48 29.52 29.24 28.16 28.88 29.2
31.24 28.8 29.32 33.08 26.08 29.88 29.8 29.92 36 30.24 28.16
32.88 28.28 26.44 36.96 28.08 26.6 29.16 27.08 28.08 31.08 28.04
12. previous instance: data/M-n101-k10.vrp
Statistical report after ..... 11 run
-*-*-*-*-*-*-*-*-*-*-*-*-*-*-*-*-*-*-*-*-*-*-*-*-*-*-*-*-*-*-*-*-*-*-*
Initial fitness:           Best fitness:              Time Elapsed:

0                          0                          0

0                          0                          0

0                          0                          0

0                          0                          0

0                          0                          0

0                          0                          0

0                          0                          0

0                          0                          0

0                          0                          0

0                          0                          0

0                          0                          0

-*-*-*-*-*-*-*-*-*-*-*-*-*-*-*-*-*-*-*-*-*-*-*-*-*-*-*-*-*-*-*-*-*-*-*
Algorithm is running:
Algorithm is running:
Algorithm is running:
Algorithm is running:
Algorithm is running:
Algorithm is running:
Algorithm is running:
Algorithm is running:
Algorithm is running:
Algorithm is running:
Algorithm is running:
1177 1170 1167 1161 1165 1177 1191 1192 1173 1157 1154
1182 1172 1182 1180 1182 1179 1192 1192 1181 1160 1176
1183 1184 1182 1189 1186 1181 1199 1193 1191 1161 1185
1188 1189 1194 1202 1192 1185 1200 1194 1195 1187 1188
1189 1189 1197 1207 1193 1190 1200 1195 1196 1197 1192
1189 1199 1197 1212 1194 1191 1205 1200 1202 1199 1193
1193 1203 1199 1213 1201 1196 1215 1204 1208 1199 1195
1196 1206 1200 1217 1206 1198 1219 1205 1209 1200 1195
1198 1206 1202 1223 1210 1205 1226 1222 1212 1205 1199
1201 1215 1204 1224 1211 1208 1228 1226 1215 1206 1200
1201 1215 1204 1225 1212 1210 1229 1227 1220 1215 1201
1202 1216 1204 1226 1214 1214 1229 1230 1220 1218 1201
1209 1226 1205 1230 1214 1219 1233 1232 1223 1218 1210
1212 1228 1206 1231 1215 1221 1239 1233 1228 1220 1220
1219 1230 1208 1241 1217 1235 1239 1239 1229 1221 1232
1225 1232 1211 1241 1230 1236 1242 1247 1230 1225 1232
1230 1235 1218 1245 1234 1244 1252 1249 1236 1229 1242
1234 1241 1224 1254 1243 1245 1256 1251 1240 1254 1251
1251 1244 1232 1264 1250 1245 1260 1253 1256 1257 1256
1265 1246 1244 1264 1263 1249 1279 1262 1259 1274 1256
1267 1266 1252 1271 1265 1264 1290 1270 1270 1277 1262
1270 1269 1266 1273 1265 1267 1304 1280 1276 1278 1281
1281 1281 1277 1299 1277 1289 1307 1283 1285 1291 1289
1326 1291 1309 1312 1310 1296 1337 1320 1287 1315 1290
1343 1299 1403 1313 1341 1316 1341 1395 1288 1338 1304
15.88 16.12 18.48 15.04 17.16 16.4 13.16 16.04 17.48 18.16 18.8
19.16 18.64 18.32 18.08 14.84 16.88 18 16.04 20.44 14.08 20.36
18.08 17.64 15.68 18.28 15.28 15.88 15.48 16.24 17.48 14.08 18.24
13.6 15.64 15.68 18.32 14.68 16.4 14 14.76 16.16 16.56 20.6
17.44 15.6 15.12 18.12 14.68 15.6 15.64 15.72 17.64 16.36 16.96
13.6 18.04 17.16 15.04 15.68 18.04 16.16 16.4 15.12 18.16 17.48
15.24 15.4 20.32 18.92 16.08 16.44 16.04 19.96 17.72 17.48 18.32
16.96 19.8 17.32 16 16.4 16.88 15.76 16.08 14.16 17.32 18.6
19.52 14.12 15.6 18.92 15.96 20.32 15.28 15.16 18.08 16.08 17.04
13.6 15.44 18.6 19.4 18.52 19.4 14.68 17.36 17.32 16.52 16.28
18.16 13.6 16.36 18 15.76 16 14.84 18.68 18.8 19.16 18.36
13.56 18.36 15.64 18.4 18 16.12 14.68 17.4 14.52 15.24 19.12
17.76 19.28 15.64 20.16 15.16 19.32 15.96 20.96 16 15.4 19.4
14.96 14.6 15.6 19.6 15.56 20.32 20.28 17.04 14.68 15.8 18.04
19.48 16.32 18.6 15.64 15.16 18 16.04 14.76 17.48 15.72 20.52
14.04 19.6 15.12 18.24 16.72 16.92 16.28 19.52 14.56 14.32 19.44
14.88 17.76 15 20.92 17.96 18.16 15.04 15.8 16.4 14.56 21.84
14.32 16.28 16.6 16.32 15.92 16.56 17 15.08 16.92 20.4 18.2
16.56 15.16 15.76 17.96 18.08 18.44 17.56 14.52 20.36 14.92 18.96
21.04 17.8 15.76 17.96 21.32 18.76 19.04 17.56 18.32 16.84 23.32
14.28 21.76 17.52 17.44 21.04 18.28 14.36 15.52 21.52 19.24 18.24
16.08 17.2 17.16 23.72 16.84 17.12 16.72 18.92 21.44 17 17.8
20.92 17.2 19.28 19.16 17.16 17.8 20.28 18.12 16.32 17.72 17.24
21.28 18.28 19.28 21.04 18.4 19.04 18.68 20.6 20.56 19.2 18.96
18.76 21.2 18.24 20.56 18.2 19.24 18.08 16.32 21.32 18.16 21.08
13. previous instance: data/M-n121-k7.vrp
Statistical report after ..... 11 run
-*-*-*-*-*-*-*-*-*-*-*-*-*-*-*-*-*-*-*-*-*-*-*-*-*-*-*-*-*-*-*-*-*-*-*
Initial fitness:           Best fitness:              Time Elapsed:

0                          0                          0

0                          0                          0

0                          0                          0

0                          0                          0

0                          0                          0

0                          0                          0

0                          0                          0

0                          0                          0

0                          0                          0

0                          0                          0

0                          0                          0

-*-*-*-*-*-*-*-*-*-*-*-*-*-*-*-*-*-*-*-*-*-*-*-*-*-*-*-*-*-*-*-*-*-*-*
error: can't find Min no. of trucks or optimal value
Algorithm is running:
error: can't find Min no. of trucks or optimal value
Algorithm is running:
error: can't find Min no. of trucks or optimal value
Algorithm is running:
error: can't find Min no. of trucks or optimal value
Algorithm is running:
error: can't find Min no. of trucks or optimal value
Algorithm is running:
error: can't find Min no. of trucks or optimal value
Algorithm is running:
error: can't find Min no. of trucks or optimal value
Algorithm is running:
error: can't find Min no. of trucks or optimal value
Algorithm is running:
error: can't find Min no. of trucks or optimal value
Algorithm is running:
error: can't find Min no. of trucks or optimal value
Algorithm is running:
error: can't find Min no. of trucks or optimal value
Algorithm is running:
743 749 744 712 746 741 734 730 742 745 759
780 763 760 750 772 743 738 736 743 755 765
784 764 768 757 777 764 749 741 748 762 769
785 770 775 762 784 771 759 748 752 771 769
786 771 779 763 785 777 777 751 753 771 770
791 772 780 764 785 785 777 783 753 773 784
793 779 782 771 791 786 785 783 764 774 784
795 784 784 773 797 791 786 788 777 783 785
797 784 792 777 806 795 787 789 779 783 795
798 793 792 780 809 798 787 790 786 784 796
800 797 793 783 811 800 791 796 790 786 798
808 798 795 800 812 802 792 802 791 788 800
808 804 796 809 817 802 801 802 791 788 802
809 805 798 817 818 808 801 806 797 790 803
813 807 800 821 818 811 805 810 798 799 804
816 831 802 823 820 812 807 815 799 809 805
817 833 805 825 821 826 812 821 810 811 806
829 834 810 829 823 829 819 824 813 813 823
833 834 810 832 826 832 827 831 816 824 828
838 834 812 836 829 836 832 833 825 824 832
847 837 819 836 838 837 846 834 829 831 834
859 853 823 837 846 843 847 836 829 833 835
870 854 826 847 850 846 854 842 830 836 836
877 857 836 859 858 854 856 844 863 861 838
916 869 935 863 866 856 858 867 865 870 861
31.88 35.72 27.72 36.84 32.68 34.36 34 33.48 28.8 30.56 34.76
34.72 28.6 34.6 35.84 31.36 35.64 33.92 30.84 29.88 33.92 34.84
32.84 30.68 29.2 37.48 29.36 32.88 36.2 32.64 27.32 35.04 35.84
30.56 30.16 28.68 34 38.96 30.16 30.92 33.2 31.08 33.68 32.96
30.16 38.2 30.44 34.92 35.2 31.36 32.04 33.4 31.2 36.16 34.08
29.72 35.36 30.2 30.2 27.8 34.8 32.64 36.2 31.2 34.4 37.08
34.16 26.8 35.4 34.76 33.68 32.12 36.4 32 32.16 36.48 33.8
31.92 31.76 34.84 31.2 31.76 30.16 33.68 35.2 31.24 34.08 36.4
31.52 37.32 27.52 35.64 35.04 32.24 33.44 29.56 30.96 32.44 34.36
31.68 27 35.6 35.8 26.8 34.56 34.6 34.32 27.8 36.92 34.2
34.12 33.8 33.88 36.92 30.92 34.64 37 36.56 34.28 30.6 30.64
29.52 32.2 31.12 36.24 28.6 29.76 31.6 38.32 31.28 38.12 31.28
30.4 32.88 32.6 37.28 34.72 31.52 34.16 33.04 31.8 31.96 35.84
31.08 32.24 28.84 31.68 32.8 29.4 30.24 35.68 31.4 33.32 35.4
38.52 34.16 32.84 30.48 32.76 32.88 35.48 36.44 31.72 36.32 33.2
34.96 32.2 32.76 39.64 28.44 35.28 31.64 32.48 33.96 35.6 31.28
31.4 33.24 35.92 32.2 36.76 34.72 34.64 35.2 34.48 34.44 30.64
37.8 32.28 30.88 29.32 34.88 34.4 35.76 34.52 31.4 38.28 31.04
32.4 31.84 33.44 31.36 28.32 33.88 32.88 32.72 31.48 34.76 32.92
31.88 35.36 28.08 36.04 31 34.6 32.36 36 32.96 33.76 34.08
30.4 36.68 31.16 33.72 33.36 29.8 30.96 31.84 33.4 36.56 32.68
37.56 28.72 31.24 37.76 30.88 29.2 36.52 35.2 34.68 34.52 34.92
32.36 34.12 34.4 32.56 31.88 35.32 36.6 30.6 38.88 32.24 33.84
31.8 30.2 27.16 31.64 33.72 39.28 33.56 33.24 29.64 33.24 35.52
35.68 38.56 33.04 37.04 32.64 34.2 37.36 34.44 28.8 33.72 38.16
14. previous instance: data/P-n76-k4.vrp
Statistical report after ..... 11 run
-*-*-*-*-*-*-*-*-*-*-*-*-*-*-*-*-*-*-*-*-*-*-*-*-*-*-*-*-*-*-*-*-*-*-*
Initial fitness:           Best fitness:              Time Elapsed:

0                          0                          0

0                          0                          0

0                          0                          0

0                          0                          0

0                          0                          0

0                          0                          0

0                          0                          0

0                          0                          0

0                          0                          0

0                          0                          0

0                          0                          0

-*-*-*-*-*-*-*-*-*-*-*-*-*-*-*-*-*-*-*-*-*-*-*-*-*-*-*-*-*-*-*-*-*-*-*
Algorithm is running:
Algorithm is running:
Algorithm is running:
Algorithm is running:
Algorithm is running:
Algorithm is running:
Algorithm is running:
Algorithm is running:
Algorithm is running:
Algorithm is running:
Algorithm is running:
923 863 896 889 908 930 888 910 898 885 904
932 911 903 914 914 945 904 924 917 907 908
935 919 922 921 919 947 906 943 936 907 929
938 931 928 925 930 960 920 945 940 913 942
941 945 929 932 934 961 924 945 945 942 944
942 957 929 942 934 966 929 953 950 946 953
942 959 930 944 938 969 947 955 951 946 959
947 965 952 945 938 973 949 959 957 946 960
952 966 958 948 941 980 951 960 960 952 962
961 966 963 956 948 980 951 966 962 954 971
961 974 968 961 959 984 962 966 963 964 977
963 975 971 961 961 984 970 968 966 969 978
965 983 976 965 962 985 971 969 967 973 978
967 984 977 969 969 993 975 977 969 974 979
969 995 983 973 974 994 978 978 974 983 987
975 1009 989 974 984 997 979 998 978 983 991
986 1012 989 977 988 1000 985 1001 983 984 993
987 1014 995 984 1001 1001 986 1012 983 991 999
987 1014 1001 985 1005 1002 989 1012 996 993 1002
990 1015 1007 988 1007 1003 991 1012 1000 1007 1008
992 1015 1008 990 1009 1004 993 1018 1000 1012 1010
996 1020 1008 994 1009 1007 997 1023 1002 1014 1011
1013 1021 1009 996 1010 1017 1007 1025 1018 1018 1012
1033 1025 1014 1012 1023 1018 1012 1038 1033 1025 1033
1058 1034 1032 1016 1078 1034 1025 1048 1034 1030 1035
42.28 49 40.24 46 41.6 38.8 45.32 45.08 47.44 43.64 34.16
39.16 31 34.8 38.44 40.76 43.04 40.2 42.44 40.64 49 43.32
41.72 45.12 45.08 37.8 42.68 45.4 36.04 33.6 43.36 42.36 45.28
42 41.44 34.92 36.64 50.76 33.04 42.12 33.36 42.32 42.68 34.96
44.76 42.8 35.88 36.56 40.96 34.4 35.6 32.48 37.96 41.36 37.24
35.8 36.08 41.72 39.28 48.24 46.84 43.64 47.6 51.76 37.68 35.04
44.64 35.12 36.6 35.6 35.12 41.2 41.04 33.52 38.8 46.16 40.96
38.44 34.56 36.64 36.32 37.88 30.32 43.24 45.28 39.36 41.24 34.8
50.08 31.88 34.64 41.48 40.32 38.32 44.76 37.72 49 36.8 40.04
47 43.96 49.68 48.92 42.44 38.72 39.88 41.8 39.32 36.64 46.48
42.48 33.88 37.28 38.64 48.64 38.84 42.68 49.08 51.12 39.48 40.28
36.56 33.96 30.96 33.72 43.04 40.48 42.72 34.64 44.6 38 41.8
51.24 38.36 33.8 37.76 36.36 38.36 43.56 47.24 46.52 37.72 36.84
46.8 35.72 37.56 36.92 42.2 39.92 37.64 43.48 45.4 37.56 35.12
39.2 34.72 43 36.84 37.8 35.72 49 41.12 42.08 36.96 38.76
46.24 45.16 39.76 35.28 41.96 36.44 39.24 37.4 49.12 34.84 46
47.08 42.24 30.76 39.2 37.64 36.12 42.56 44.48 42.24 37.88 51.04
35.12 32.48 35.8 36.56 38.88 34.12 38.52 43.16 48.12 37.4 47.72
48.56 40.88 36.6 45.16 35.56 40.12 40.64 34.76 39.84 41.32 41.2
39 37.08 34.56 38.8 41.96 37 33.96 45.4 41.88 43.36 39
37.84 38.68 31 39.36 40.44 43.6 39.12 35.76 41.16 40.68 39.04
35.36 44.92 36.24 49.04 33.12 37.76 40.56 43.56 42.2 38.88 36.04
39.2 45.12 40.72 36.72 38.84 34.32 37.16 38.96 47.96 45.28 40.64
46.48 33.56 40.04 51 36 43.04 41.32 43.36 47.32 38.64 37.4
40 33.2 44.72 42.36 38.08 45 39.12 40.96 43.2 47.08 48.92
15. previous instance: data/P-n101-k4.vrp
Statistical report after ..... 11 run
-*-*-*-*-*-*-*-*-*-*-*-*-*-*-*-*-*-*-*-*-*-*-*-*-*-*-*-*-*-*-*-*-*-*-*
Initial fitness:           Best fitness:              Time Elapsed:

0                          0                          0

0                          0                          0

0                          0                          0

0                          0                          0

0                          0                          0

0                          0                          0

0                          0                          0

0                          0                          0

0                          0                          0

0                          0                          0

0                          0                          0

-*-*-*-*-*-*-*-*-*-*-*-*-*-*-*-*-*-*-*-*-*-*-*-*-*-*-*-*-*-*-*-*-*-*-*
Press any key to continue . . .